1024
0.0 15.268432718723727
0.0009775171065493646 -3.687598955220532
0.0019550342130987292 -2.58612658846295
0.002932551319648094 -0.7613481190106797
0.0039100684261974585 -1.628775285731494
0.004887585532746823 -1.8667804123713796
0.005865102639296188 0.6766502717702538
0.006842619745845552 0.23051093635144992
0.007820136852394917 3.4089076406645926
0.00879765395894428 1.6404879778004458
0.009775171065493646 -1.8072406028252233
0.010752688172043012 -8.939463136643948
0.011730205278592375 10.98768456966608
0.012707722385141739 -0.5903654013291184
0.013685239491691105 -4.091400316348411
0.01466275659824047 5.663217873544333
0.015640273704789834 -5.497283519631563
0.016617790811339198 -2.048532084208611
0.01759530791788856 3.6860883292080895
0.01857282502443793 -9.838291664812328
0.019550342130987292 10.781678713710566
0.020527859237536656 6.192540819215234
0.021505376344086023 -6.143942313255403
0.022482893450635387 -0.1261161281476988
0.02346041055718475 -1.5013933893594311
0.024437927663734114 -2.1166575633486606
0.025415444770283478 -0.15940524822733004
0.026392961876832845 0.02097394083906412
0.02737047898338221 2.4034222847529434
0.028347996089931573 2.2788354552965044
0.02932551319648094 1.4514878843407515
0.030303030303030304 -8.517351560340682
0.03128054740957967 1.4733325861723245
0.03225806451612903 9.475645883441583
0.033235581622678395 -7.791675952314492
0.03421309872922776 4.012968760484299
0.03519061583577712 0.22097857234441287
0.03616813294232649 -6.81917868989691
0.03714565004887586 4.550031039523557
0.03812316715542522 -5.302005228301287
0.039100684261974585 -1.575602798221352
0.04007820136852395 14.748242001130334
0.04105571847507331 -4.77572554314043
0.042033235581622676 -1.9639802609022583
0.043010752688172046 -0.9337366078774074
0.04398826979472141 -1.6799257546922672
0.044965786901270774 -1.6810699722929905
0.04594330400782014 0.6549887368803846
0.0469208211143695 0.4633827933728103
0.047898338220918865 3.3591549778096583
0.04887585532746823 1.6565384528289575
0.04985337243401759 -2.767264428769163
0.050830889540566956 -8.051136392009427
0.05180840664711633 11.795902654959955
0.05278592375366569 -2.322066985293666
0.053763440860215055 -2.8433797152232922
0.05474095796676442 5.255355246493959
0.05571847507331378 -6.173892531887958
0.056695992179863146 -0.9100054605503844
0.05767350928641251 2.7141269569589723
0.05865102639296188 -9.577121498257895
0.059628543499511244 12.408342166237373
0.06060606060606061 4.238140896483049
0.06158357771260997 -5.691425162969294
0.06256109481915934 -0.12162205039844753
0.0635386119257087 -1.5263133345313569
0.06451612903225806 -2.160919591962832
0.06549364613880743 0.08862131717492638
0.06647116324535679 -0.06463437933882354
0.06744868035190615 2.715872475474054
0.06842619745845552 2.0774712589865647
0.06940371456500488 1.1796106071270207
0.07038123167155425 -9.183730060801876
0.07135874877810362 3.4681406130853727
0.07233626588465299 8.011967511830623
0.07331378299120235 -7.750104201497458
0.07429130009775171 4.79053505032314
0.07526881720430108 -0.8806773412069117
0.07624633431085044 -6.3241908928113
0.0772238514173998 4.98187244856389
0.07820136852394917 -6.6466022493898205
0.07917888563049853 0.6125252242964225
0.0801564027370479 13.866261043690438
0.08113391984359726 -5.603414913946572
0.08211143695014662 -1.4154382386170985
0.08308895405669599 -1.0909106259460697
0.08406647116324535 -1.7453030148740187
0.08504398826979472 -1.4574358031718817
0.08602150537634409 0.5895103373786239
0.08699902248289346 0.7474186154136184
0.08797653958944282 3.2486087529968737
0.08895405669599218 1.6888130350760227
0.08993157380254155 -3.7996102519920774
0.09090909090909091 -6.878063130759405
0.09188660801564028 12.247972222822137
0.09286412512218964 -3.8863728644656383
0.093841642228739 -1.5368160286493846
0.09481915933528837 4.669770240959705
0.09579667644183773 -6.700837731845263
0.0967741935483871 0.2351492814113878
0.09775171065493646 1.54429162012951
0.09872922776148582 -8.949292669765228
0.09970674486803519 13.71864083578189
0.10068426197458455 2.313406726717771
0.10166177908113391 -5.120054709300389
0.10263929618768329 -0.1859298966535481
0.10361681329423265 -1.5419583761714781
0.10459433040078202 -2.1750413179161123
0.10557184750733138 0.302028153787957
0.10654936461388075 -0.10849692796779842
0.10752688172043011 2.9816568995801505
0.10850439882697947 1.9074640610052125
0.10948191593352884 0.7896457456135964
0.1104594330400782 -9.637759769153432
0.11143695014662756 5.399545732988628
0.11241446725317693 6.34663155739247
0.11339198435972629 -7.4167997978952895
0.11436950146627566 5.371426266023878
0.11534701857282502 -1.9721237161885468
0.11632453567937438 -5.663187651668235
0.11730205278592376 5.181748522256495
0.11827956989247312 -7.821011083202942
0.11925708699902249 2.878065843978731
0.12023460410557185 12.661062446610948
0.12121212121212122 -6.166426494228313
0.12218963831867058 -0.9567343296659523
0.12316715542521994 -1.225696204217325
0.1241446725317693 -1.8223771982426649
0.12512218963831867 -1.203313163355792
0.12609970674486803 0.48936144944150817
0.1270772238514174 1.0720313424595243
0.12805474095796676 3.0877444047188765
0.12903225806451613 1.719449246397761
0.1300097751710655 -4.870754629429085
0.13098729227761485 -5.446286575729213
0.13196480938416422 12.329084762448632
0.13294232649071358 -5.233268631640103
0.13391984359726294 -0.2218886219893621
0.1348973607038123 3.9284805878891067
0.13587487781036167 -7.063302036990127
0.13685239491691104 1.3475070811348335
0.1378299120234604 0.21561517375140118
0.13880742913000976 -7.961986624156738
0.13978494623655913 14.671124508803922
0.1407624633431085 0.4792237779804389
0.14173998044965788 -4.469865277837162
0.14271749755620725 -0.3029124687923661
0.1436950146627566 -1.5553172384828875
0.14467253176930597 -2.152220565762898
0.14565004887585534 0.4720475277213354
0.1466275659824047 -0.10068265341917304
0.14760508308895406 3.1893448694618733
0.14858260019550343 1.7771895824526793
0.1495601173020528 0.27195837976387827
0.15053763440860216 -9.843732394966045
0.15151515151515152 7.200528995371707
0.15249266862170088 4.542168051093821
0.15347018572825025 -6.81672161706263
0.1544477028347996 5.742720634566728
0.15542521994134897 -3.0242966724638904
0.15640273704789834 -4.852752094542227
0.1573802541544477 5.132927409283532
0.15835777126099707 -8.769054513726372
0.15933528836754643 5.145808723505054
0.1603128054740958 11.18193022935301
0.16129032258064516 -6.471408422557678
0.16226783968719452 -0.5974142310107609
0.16324535679374388 -1.3342213945204322
0.16422287390029325 -1.906470280619995
0.1652003910068426 -0.9283265498256998
0.16617790811339198 0.3661677108267578
0.16715542521994134 1.4238665015742256
0.1681329423264907 2.8897829395733066
0.16911045943304007 1.727664349174809
0.17008797653958943 -5.941281948391653
0.1710654936461388 -3.7933181670008613
0.17204301075268819 12.038365490608662
0.17302052785923755 -6.322445349806813
0.1739980449657869 1.0533506955123235
0.17497556207233628 3.0568838461085006
0.17595307917888564 -7.250244883835379
0.176930596285435 2.386729185886206
0.17790811339198437 -1.2245664287181297
0.17888563049853373 -6.6364887864498545
0.1798631476050831 15.237773619938014
0.18084066471163246 -1.2102632652651142
0.18181818181818182 -3.7801331600431816
0.1827956989247312 -0.4557693084969007
0.18377321603128055 -1.5728816402794852
0.18475073313782991 -2.0874784910736746
0.18572825024437928 0.5925113073280719
0.18670576735092864 -0.034317615448397065
0.187683284457478 3.330853471615717
0.18866080156402737 1.6907940660159113
0.18963831867057673 -0.3764110880299967
0.1906158357771261 -9.773857428069691
0.19159335288367546 8.80775288004685
0.19257086999022482 2.6651836792290746
0.1935483870967742 -5.983672761897697
0.19452590420332355 5.898926887934223
0.19550342130987292 -4.009618699128686
0.19648093841642228 -3.9146417999996017
0.19745845552297164 4.827452528179119
0.198435972629521 -9.441263568101562
0.19941348973607037 7.339670003060598
0.20039100684261973 9.486588170399607
0.2013685239491691 -6.534891365076852
0.20234604105571846 -0.34055082488076227
0.20332355816226783 -1.4157915288933425
0.20430107526881722 -1.9910993775861363
0.20527859237536658 -0.6437335249380293
0.20625610948191594 0.23333869385501682
0.2072336265884653 1.787593786821121
0.20821114369501467 2.6697582396803146
0.20918866080156404 1.6910130004229234
0.2101661779081134 -6.967449030092066
0.21114369501466276 -1.9669385595012971
0.21212121212121213 11.388898543599721
0.2130987292277615 -7.124585050068244
0.21407624633431085 2.244612790315224
0.21505376344086022 2.0828524587640906
0.21603128054740958 -7.254767048603556
0.21700879765395895 3.3129570191989797
0.2179863147605083 -2.7221410640159167
0.21896383186705767 -5.007649959320251
0.21994134897360704 15.404989091583264
0.2209188660801564 -2.709580314797616
0.22189638318670576 -3.087578393053575
0.22287390029325513 -0.6281872677173966
0.2238514173998045 -1.5999696105444272
0.22482893450635386 -1.9781506252573497
0.22580645161290322 0.6603221623383759
0.22678396871945258 0.09391201157691476
0.22776148582600195 3.4019686088025844
0.2287390029325513 1.6476543274174338
0.22971652003910067 -1.150888964476822
0.23069403714565004 -9.41000369074853
0.2316715542521994 10.164241361266448
0.23264907135874877 0.7836300347964376
0.23362658846529813 -4.95859414397166
0.23460410557184752 5.841636652346517
0.23558162267839688 -4.902454240853595
0.23655913978494625 -2.875539791066383
0.2375366568914956 4.267008813206074
0.23851417399804498 -9.797160826690073
0.23949169110459434 9.385743538980204
0.2404692082111437 7.638616096163057
0.24144672531769307 -6.381878268935332
0.24242424242424243 -0.1832968757156226
0.2434017595307918 -1.4725369801285764
0.24437927663734116 -2.0684763798613193
0.24535679374389052 -0.3617373543463329
0.24633431085043989 0.10524195628971356
0.24731182795698925 2.146836141385064
0.2482893450635386 2.4434358546253803
0.24926686217008798 1.586839236993248
0.25024437927663734 -7.9030735592158665
0.2512218963831867 -0.023492052923681506
0.25219941348973607 10.407150633212922
0.25317693059628543 -7.622144838660205
0.2541544477028348 3.3127453830048164
0.25513196480938416 1.0358711138532788
0.2561094819159335 -7.07445768290372
0.2570869990224829 4.088323505039476
0.25806451612903225 -4.2181217634210935
0.2590420332355816 -3.1227528254567716
0.260019550342131 15.173954602210678
0.26099706744868034 -3.9833872951774225
0.2619745845552297 -2.4248266425841063
0.26295210166177907 -0.8053571953073371
0.26392961876832843 -1.6401771934289275
0.2649071358748778 -1.8242203833572788
0.26588465298142716 0.6757338099842864
0.2668621700879765 0.2834756801608207
0.2678396871945259 3.402616602611733
0.26881720430107525 1.6421424027201361
0.2697947214076246 -2.038890190436373
0.270772238514174 -8.745047909100613
0.27174975562072334 11.221808548883741
0.2727272727272727 -1.0359308351011944
0.27370478983382207 -3.7876567814716076
0.27468230694037143 5.578964803053903
0.2756598240469208 -5.679524912651182
0.27663734115347016 -1.7666077079189648
0.2776148582600195 3.463437327086434
0.2785923753665689 -9.807234208461077
0.27956989247311825 11.215273251125062
0.2805474095796676 5.704679320573182
0.281524926686217 -6.044118361590493
0.2825024437927664 -0.11772053253749348
0.28347996089931576 -1.508872694821719
0.2844574780058651 -2.1301248705159774
0.2854349951124145 -0.09471329065583034
0.28641251221896386 -0.0037022090316150003
0.2873900293255132 2.4851783578708733
0.2883675464320626 2.226150532335815
0.28934506353861195 1.393842899376165
0.2903225806451613 -8.701659515331619
0.2913000977517107 1.97425400075314
0.29227761485826004 9.131823350360158
0.2932551319648094 -7.809623419462867
0.29423264907135877 4.224808349017618
0.29521016617790813 -0.05376127481562554
0.2961876832844575 -6.711705013369592
0.29716520039100686 4.67852433226413
0.2981427174975562 -5.650854485814674
0.2991202346041056 -1.0398231746157984
0.30009775171065495 14.5603599646322
0.3010752688172043 -5.00742238836107
0.3020527859237537 -1.8191960491954267
0.30303030303030304 -0.9747928505602452
0.3040078201368524 -1.6949962370477232
0.30498533724340177 -1.62846805726215
0.30596285434995113 0.6424176461380382
0.3069403714565005 0.5299549623361632
0.30791788856304986 3.3368631983014727
0.3088954056695992 1.6637235348886272
0.3098729227761486 -3.0197669979349944
0.31085043988269795 -7.783749821055828
0.3118279569892473 11.943121743733572
0.3128054740957967 -2.730941463429175
0.31378299120234604 -2.5202474185314667
0.3147605083088954 5.124826799582118
0.31573802541544477 -6.320299666725418
0.31671554252199413 -0.6228259503208089
0.3176930596285435 2.438847925773315
0.31867057673509286 -9.454500541803984
0.3196480938416422 12.767411850312124
0.3206256109481916 3.751703246562265
0.32160312805474095 -5.558166368996505
0.3225806451612903 -0.1318557937799021
0.3235581622678397 -1.5308195582217698
0.32453567937438904 -2.167567146947004
0.3255131964809384 0.14560011830795738
0.32649071358748777 -0.07994797509474949
0.32746823069403713 2.787190996354574
0.3284457478005865 2.0316369809226678
0.32942326490713586 1.0936704954285519
0.3304007820136852 -9.318657053471384
0.3313782991202346 3.9595905835317504
0.33235581622678395 7.612191173873406
0.3333333333333333 -7.6933187160041765
0.3343108504398827 4.9548297241445685
0.33528836754643204 -1.1556522055978338
0.3362658846529814 -6.17394594707814
0.33724340175953077 5.05438180605958
0.33822091886608013 -6.958445822760055
0.3391984359726295 1.1745473303964222
0.34017595307917886 13.593504801529257
0.3411534701857282 -5.768901580245238
0.3421309872922776 -1.291853141881207
0.34310850439882695 -1.126913518003152
0.34408602150537637 -1.7636230243991013
0.34506353861192574 -1.396421154448451
0.3460410557184751 0.5673069181642894
0.34701857282502446 0.825247579861836
0.3479960899315738 3.2126339323324333
0.3489736070381232 1.697396454767862
0.34995112414467255 -4.065208706053433
0.3509286412512219 -6.543095796818478
0.3519061583577713 12.303302214843347
0.35288367546432065 -4.24523103155544
0.35386119257087 -1.2069414888040204
0.3548387096774194 4.49810375129611
0.35581622678396874 -6.807372545296646
0.3567937438905181 0.5178837720409399
0.35777126099706746 1.2252963828702703
0.3587487781036168 -8.735574718129262
0.3597262952101662 13.991640720640547
0.36070381231671556 1.8441252308863811
0.3616813294232649 -4.963334843862617
0.3626588465298143 -0.21089136134165476
0.36363636363636365 -1.5452447722519396
0.364613880742913 -2.173029401194511
0.3655913978494624 0.34889018083125656
0.36656891495601174 -0.11171340203552686
0.3675464320625611 3.0394032107911704
0.36852394916911047 1.870931104177997
0.36950146627565983 0.6724354041045348
0.3704789833822092 -9.713743761884404
0.37145650048875856 5.8645769005117
0.3724340175953079 5.906005971770954
0.3734115347018573 -7.290608769167865
0.37438905180840665 5.484239213628392
0.375366568914956 -2.2399551628637595
0.3763440860215054 -5.47382531042282
0.37732160312805474 5.193327167184695
0.3782991202346041 -8.081309167779684
0.37927663734115347 3.4477756824950787
0.38025415444770283 12.31483110133383
0.3812316715542522 -6.266375864141432
0.38220918866080156 -0.8573595576246973
0.3831867057673509 -1.255368886240408
0.3841642228739003 -1.8429681877289203
0.38514173998044965 -1.1361057770559289
0.386119257086999 0.46022417582979536
0.3870967741935484 1.1580098515914936
0.38807429130009774 3.0411677196097036
0.3890518084066471 1.7244639610857662
0.39002932551319647 -5.140092578427794
0.39100684261974583 -5.05207884817221
0.3919843597262952 12.29098929363133
0.39296187683284456 -5.531064882378626
0.3939393939393939 0.10244787675130018
0.3949169110459433 3.7217443930382945
0.39589442815249265 -7.126835917796736
0.396871945259042 1.6157455547441328
0.3978494623655914 -0.1359879676876
0.39882697947214074 -7.6611814525833815
0.3998044965786901 14.849741474675973
0.40078201368523947 0.04134926041143405
0.40175953079178883 -4.2996484460926165
0.4027370478983382 -0.3384174514799212
0.40371456500488756 -1.5590815359209333
0.4046920821114369 -2.1401119776893234
0.4056695992179863 0.506985654014037
0.40664711632453565 -0.08977382039088577
0.40762463343108507 3.23116008478697
0.40860215053763443 1.7514169399516772
0.4095796676441838 0.12207265111800458
0.41055718475073316 -9.853009594191366
0.4115347018572825 7.6228540126968785
0.4125122189638319 4.077068190743109
0.41348973607038125 -6.6288090188394975
0.4144672531769306 5.801991947343042
0.41544477028348 -3.277932339635715
0.41642228739002934 -4.629233190175574
0.4173998044965787 5.080724224833232
0.41837732160312807 -8.964717509108429
0.41935483870967744 5.7041479807734445
0.4203323558162268 10.775960017822753
0.42130987292277616 -6.509075482178131
0.4222873900293255 -0.5236086417631256
0.4232649071358749 -1.357102458570938
0.42424242424242425 -1.9278636235092883
0.4252199413489736 -0.8576126404587734
0.426197458455523 0.3333121302863846
0.42717497556207235 1.5143128540071635
0.4281524926686217 2.8362330837919187
0.4291300097751711 1.7236009252576192
0.43010752688172044 -6.203760470897225
0.4310850439882698 -3.3509109001506827
0.43206256109481916 11.908819312535366
0.43304007820136853 -6.550780377412725
0.4340175953079179 1.3606656277110383
0.43499511241446726 2.8218486616300305
0.4359726295210166 -7.268650797121968
0.436950146627566 2.6304045503335285
0.43792766373411535 -1.5958163858605448
0.4389051808406647 -6.256071657083007
0.4398826979472141 15.317230905576167
0.44086021505376344 -1.6044837797273925
0.4418377321603128 -3.605904115420338
0.44281524926686217 -0.49765119943483405
0.44379276637341153 -1.5785873234932832
0.4447702834799609 -2.064374172006312
0.44574780058651026 0.6144488816864175
0.4467253176930596 -0.008106195525733773
0.447702834799609 3.3553062571045476
0.44868035190615835 1.676087761781421
0.4496578690127077 -0.5585606276114987
0.4506353861192571 -9.71092939217003
0.45161290322580644 9.172431255760934
0.4525904203323558 2.192579084204908
0.45356793743890517 -5.74367645244523
0.45454545454545453 5.904409052907395
0.4555229716520039 -4.242450853400751
0.45650048875855326 -3.6631892509969823
0.4574780058651026 4.710958304975549
0.458455522971652 -9.561245947948715
0.45943304007820135 7.867839469516559
0.4604105571847507 9.036331078646722
0.4613880742913001 -6.515795341545698
0.46236559139784944 -0.2921293348191383
0.4633431085043988 -1.432166968391718
0.46432062561094817 -2.0114479780270793
0.46529814271749753 -0.5725043741139016
0.4662756598240469 0.20030131630905812
0.46725317693059626 1.8784733336405712
0.4682306940371456 2.6131525813931002
0.46920821114369504 1.6721672958128193
0.4701857282502444 -7.21167150086713
0.47116324535679377 -1.489691820424969
0.47214076246334313 11.17329913356141
0.4731182795698925 -7.277949941735754
0.47409579667644186 2.52458917527824
0.4750733137829912 1.8267707172866907
0.4760508308895406 -7.227008568588634
0.47702834799608995 3.5223549614113465
0.4780058651026393 -3.098666502463904
0.4789833822091887 -4.55833295376772
0.47996089931573804 15.384196660883726
0.4809384164222874 -3.0503156919333816
0.48191593352883677 -2.9179307576609843
0.48289345063538613 -0.6725670566017877
0.4838709677419355 -1.6086951341081663
0.48484848484848486 -1.9437890601735526
0.4858260019550342 0.6690020812659667
0.4868035190615836 0.1356597131285593
0.48778103616813295 3.4086476519155644
0.4887585532746823 1.6430785791142957
0.4897360703812317 -1.3629166852359402
0.49071358748778104 -9.27201480295391
0.4916911045943304 10.458314897839928
0.49266862170087977 0.3203965902293733
0.49364613880742914 -4.677644152163242
0.4946236559139785 5.794772666643604
0.49560117302052786 -5.108426742593646
0.4965786901270772 -2.6035461960245225
0.4975562072336266 4.0882200869617025
0.49853372434017595 -9.832987768686307
0.4995112414467253 9.865958955402526
0.5004887585532747 7.160559644829039
0.501466275659824 -6.313396961614406
0.5024437927663734 -0.1587152787668935
0.5034213098729228 -1.4833209218827559
0.5043988269794721 -2.0856996352528974
0.5053763440860215 -0.2931020572875248
0.5063538611925709 0.0756592118862951
0.5073313782991202 2.234008412572153
0.5083088954056696 2.3876946181716514
0.509286412512219 1.5476966577325846
0.5102639296187683 -8.117358562418534
0.5112414467253177 0.4734125680882575
0.512218963831867 10.114083045227687
0.5131964809384164 -7.698036309427712
0.5141739980449658 3.5565307279765364
0.5151515151515151 0.766270741401625
0.5161290322580645 -7.0006709461468475
0.5171065493646139 4.254472171563221
0.5180840664711632 -4.584667402847037
0.5190615835777126 -2.6181125464695505
0.520039100684262 15.055499653508182
0.5210166177908113 -4.263508497859229
0.5219941348973607 -2.267127058986185
0.52297165200391 -0.848868525441558
0.5239491691104594 -1.6525036567568874
0.5249266862170088 -1.779032930995914
0.5259042033235581 0.6717557925908575
0.5268817204301075 0.3400157917755302
0.5278592375366569 3.392156457751655
0.5288367546432062 1.645512166671923
0.5298142717497556 -2.2763822101347144
0.530791788856305 -8.532051222961963
0.5317693059628543 11.43485549654106
0.5327468230694037 -1.4736804789340123
0.533724340175953 -3.477877992142375
0.5347018572825024 5.482720811626913
0.5356793743890518 -5.853232549346743
0.5366568914956011 -1.4824907293359335
0.5376344086021505 3.226923850922998
0.5386119257086999 -9.75343455499823
0.5395894428152492 11.631480121497297
0.5405669599217986 5.215640145737606
0.541544477028348 -5.935018940406997
0.5425219941348973 -0.11432084228114814
0.5434995112414467 -1.5154485515134009
0.544477028347996 -2.142075829663798
0.5454545454545454 -0.03169775876134051
0.5464320625610948 -0.02632603412603718
0.5474095796676441 2.5646541942640004
0.5483870967741935 2.1749021168852436
0.5493646138807429 1.3294774927493673
0.5503421309872922 -8.874597490536988
0.5513196480938416 2.4744059050624476
0.552297165200391 8.77269015285714
0.5532746823069403 -7.808530055936095
0.5542521994134897 4.425233997218067
0.555229716520039 -0.3292645650228526
0.5562072336265884 -6.5932679295938605
0.5571847507331378 4.793588793410148
0.5581622678396871 -5.991871147826695
0.5591397849462365 -0.49579905823199477
0.5601173020527859 14.350339536326192
0.5610948191593352 -5.222653811736505
0.5620723362658846 -1.6793373204190765
0.563049853372434 -1.014750963701223
0.5640273704789834 -1.7109409915066782
0.5650048875855328 -1.5735854108757232
0.5659824046920822 0.62722015985306
0.5669599217986315 0.599593930358469
0.5679374389051809 3.3109003450510732
0.5689149560117303 1.671682592855534
0.5698924731182796 -3.2763384107867863
0.570869990224829 -7.498844511108052
0.5718475073313783 12.067703653188138
0.5728250244379277 -3.1284794157426816
0.5738025415444771 -2.1942504094129247
0.5747800586510264 4.983491914837666
0.5757575757575758 -6.457083351552244
0.5767350928641252 -0.33582926660075674
0.5777126099706745 2.1517136825056777
0.5786901270772239 -9.30892329550643
0.5796676441837733 13.105926770090342
0.5806451612903226 3.2681277564228277
0.581622678396872 -5.4180991960850635
0.5826001955034213 -0.14615359709439835
0.5835777126099707 -1.5348553818223598
0.5845552297165201 -2.172209185423898
0.5855327468230694 0.20025442410066363
0.5865102639296188 -0.0924689665733962
0.5874877810361682 2.8553831287136404
0.5884652981427175 1.9879336523114168
0.5894428152492669 1.0001353756206957
0.5904203323558163 -9.439683171966056
0.5913978494623656 4.446010920979663
0.592375366568915 7.200725596561915
0.5933528836754643 -7.61858415268803
0.5943304007820137 5.106549227256206
0.5953079178885631 -1.429522364998854
0.5962854349951124 -6.013527693168253
0.5972629521016618 5.112045272296533
0.5982404692082112 -7.258720097404067
0.5992179863147605 1.7402634427023829
0.6001955034213099 13.30120994121529
0.6011730205278593 -5.917835498788493
0.6021505376344086 -1.1741039252463503
0.603128054740958 -1.161421085230086
0.6041055718475073 -1.7826231982471328
0.6050830889540567 -1.3336295420577922
0.6060606060606061 0.5430938133864465
0.6070381231671554 0.9054311341867658
0.6080156402737048 3.173694326555335
0.6089931573802542 1.7055800265624628
0.6099706744868035 -4.33267456703585
0.6109481915933529 -6.192425649240807
0.6119257086999023 12.335282634127577
0.6129032258064516 -4.589761231029053
0.613880742913001 -0.877324368341009
0.6148582600195504 4.317069618876611
0.6158357771260997 -6.903412870037339
0.6168132942326491 0.7979431925681613
0.6177908113391984 0.8970287147614515
0.6187683284457478 -8.49957117284935
0.6197458455522972 14.241690144898921
0.6207233626588465 1.3814295924330966
0.6217008797653959 -4.80231767302713
0.6226783968719453 -0.23888524345678452
0.6236559139784946 -1.5484977500780723
0.624633431085044 -2.1686091051883
0.6256109481915934 0.3929140910837172
0.6265884652981427 -0.11155755504685806
0.6275659824046921 3.093353831970038
0.6285434995112414 1.836994244153221
0.6295210166177908 0.5471205699729054
0.6304985337243402 -9.773697801128403
0.6314760508308895 6.320417311441222
0.6324535679374389 5.457691682508061
0.6334310850439883 -7.1481832356049715
0.6344086021505376 5.583787489035469
0.635386119257087 -2.5048833780907804
0.6363636363636364 -5.275408338143194
0.6373411534701857 5.189139796210953
0.6383186705767351 -8.326605513969444
0.6392961876832844 4.0164325747894125
0.6402737047898338 11.952299062177254
0.6412512218963832 -6.350354867503077
0.6422287390029325 -0.764312488651119
0.6432062561094819 -1.2833561326024314
0.6441837732160313 -1.8639144326632062
0.6451612903225806 -1.0677550154184432
0.64613880742913 0.42983974087183796
0.6471163245356794 1.2454683027159956
0.6480938416422287 2.992491583960247
0.6490713587487781 1.7277395513069946
0.6500488758553274 -5.408748684057017
0.6510263929618768 -4.644688084887094
0.6520039100684262 12.229709646087462
0.6529814271749755 -5.812173549149473
0.6539589442815249 0.4235657954337655
0.6549364613880743 3.507276200150656
0.6559139784946236 -7.179246098444375
0.656891495601173 1.8787797763497005
0.6578690127077224 -0.49378127166817753
0.6588465298142717 -7.33964099770083
0.6598240469208211 15.00387367713497
0.6608015640273704 -0.38667166335269876
0.6617790811339198 -4.127567666075014
0.6627565982404692 -0.3759003618788861
0.6637341153470185 -1.5632067047150846
0.6647116324535679 -2.1253152225021186
0.6656891495601173 0.538743707794199
0.6666666666666666 -0.07511400271938129
0.667644183773216 3.2687301228611316
0.6686217008797654 1.7284297838799167
0.6695992179863147 -0.0359927914839524
0.6705767350928641 -9.84465339051544
0.6715542521994134 8.032100941847043
0.6725317693059628 3.6084931846560404
0.6735092864125122 -6.426905407193269
0.6744868035190615 5.847770665356802
0.6754643206256109 -3.526966812635047
0.6764418377321603 -4.398099817614159
0.6774193548387096 5.012400240847606
0.678396871945259 -9.142403818495602
0.6793743890518084 6.256680290458704
0.6803519061583577 10.357417068325057
0.6813294232649071 -6.5319542311655745
0.6823069403714564 -0.4562232047738459
0.6832844574780058 -1.3783033802385796
0.6842619745845552 -1.9491807579325582
0.6852394916911045 -0.7864815341001862
0.6862170087976539 0.30007173592199043
0.6871945259042033 1.6052542446776377
0.6881720430107527 2.7815468932432683
0.6891495601173021 1.7163760517368738
0.6901270772238515 -6.46276373266372
0.6911045943304008 -2.898460785832378
0.6920821114369502 11.757124189400031
0.6930596285434996 -6.760772891869248
0.6940371456500489 1.6620604374208061
0.6950146627565983 2.5808577685197136
0.6959921798631477 -7.27556829880333
0.696969696969697 2.8663990304836635
0.6979472140762464 -1.9697766176936327
0.6989247311827957 -5.857305986820783
0.6999022482893451 15.371582915077544
0.7008797653958945 -1.986153002393142
0.7018572825024438 -3.432057607363244
0.7028347996089932 -0.540504644022684
0.7038123167155426 -1.5849647023516238
0.7047898338220919 -2.0384535743377143
0.7057673509286413 0.6330628941121663
0.7067448680351907 0.022005462330783487
0.70772238514174 3.3753132223845768
0.7086999022482894 1.6640511494476136
0.7096774193548387 -0.7484825046996315
0.7106549364613881 -9.629393842872112
0.7116324535679375 9.520582902095697
0.7126099706744868 1.7207538032058387
0.7135874877810362 -5.492350747334985
0.7145650048875856 5.896606743590025
0.7155425219941349 -4.469112085516883
0.7165200391006843 -3.40586545604089
0.7174975562072337 4.57860312733817
0.718475073313783 -9.660873229073658
0.7194525904203324 8.385631889856242
0.7204301075268817 8.577553450784484
0.7214076246334311 -6.483598657075024
0.7223851417399805 -0.249860678876209
0.7233626588465298 -1.4470375382473186
0.7243401759530792 -2.031215866766397
0.7253176930596286 -0.5016319727759428
0.7262952101661779 0.16778785404615304
0.7272727272727273 1.9688127229975725
0.7282502443792767 2.5564018820271905
0.729227761485826 1.6487482103228335
0.7302052785923754 -7.449503856861325
0.7311827956989247 -1.0060485770327756
0.7321603128054741 10.937410475183114
0.7331378299120235 -7.412063079208258
0.7341153470185728 2.796285073832559
0.7350928641251222 1.566597091281034
0.7360703812316716 -7.187682812322684
0.7370478983382209 3.7217439904654466
0.7380254154447703 -3.4741491335404646
0.7390029325513197 -4.093810532561726
0.739980449657869 15.33860490007597
0.7409579667644184 -3.3764559396881664
0.7419354838709677 -2.7506335906862165
0.7429130009775171 -0.7170211212337375
0.7438905180840665 -1.6182876771141106
0.7448680351906158 -1.906652988686993
0.7458455522971652 0.6744277885044543
0.7468230694037146 0.1812133077263569
0.7478005865102639 3.4109419811447377
0.7487781036168133 1.640741802508936
0.7497556207233627 -1.581803130130953
0.750733137829912 -9.115151309445109
0.7517106549364614 10.732999006174884
0.7526881720430108 -0.13793250909651156
0.7536656891495601 -4.388322585683841
0.7546432062561095 5.735230304771305
0.7556207233626588 -5.3068122287904425
0.7565982404692082 -2.327696510584804
0.7575757575757576 3.8944712496799765
0.7585532746823069 -9.846795718702003
0.7595307917888563 10.331594990645689
0.7605083088954057 6.678183655242473
0.761485826001955 -6.233895883026811
0.7624633431085044 -0.13971577912635968
0.7634408602150538 -1.4929087359535362
0.7644183773216031 -2.101804820952251
0.7653958944281525 -0.22559574947484934
0.7663734115347018 0.04749793936348534
0.7673509286412512 2.3196190222296
0.7683284457478006 2.3327542317961076
0.7693059628543499 1.5026784403382498
0.7702834799608993 -8.322353252510828
0.7712609970674487 0.9727013966242191
0.772238514173998 9.803329894087458
0.7732160312805474 -7.7545209958151045
0.7741935483870968 3.790078773216147
0.7751710654936461 0.4944810739453751
0.7761485826001955 -6.915542666108481
0.7771260997067448 4.408531343286247
0.7781036168132942 -4.946286373743043
0.7790811339198436 -2.1020523651514176
0.7800586510263929 14.913450490300502
0.7810361681329423 -4.527695270591214
0.7820136852394917 -2.113396872963286
0.782991202346041 -0.8917137936120711
0.7839687194525904 -1.6657558408091833
0.7849462365591398 -1.731288938849862
0.7859237536656891 0.6648064844327113
0.7869012707722385 0.4000249866219887
0.7878787878787878 3.3776300388340803
0.7888563049853372 1.6503867079552532
0.7898338220918866 -2.519316767883594
0.7908113391984359 -8.300666781601867
0.7917888563049853 11.626358943951313
0.7927663734115347 -1.9026911541081344
0.793743890518084 -3.1628545553508385
0.7947214076246334 5.374755052691334
0.7956989247311828 -6.018114780686599
0.7966764418377321 -1.196760114973054
0.7976539589442815 2.976992636178159
0.7986314760508308 -9.676757370031101
0.7996089931573802 12.029441465674287
0.8005865102639296 4.726454437076072
0.8015640273704789 -5.817249733131062
0.8025415444770283 -0.11569775766951862
0.8035190615835777 -1.521226177056315
0.804496578690127 -2.1523822991727695
0.8054740957966764 0.02946908053554309
0.8064516129032258 -0.046700007673355914
0.8074291300097751 2.6416244685101744
0.8084066471163245 2.1252822310707757
0.8093841642228738 1.258143222064516
0.8103616813294232 -9.035502431384074
0.8113391984359726 2.9727236882019934
0.8123167155425219 8.399107468668964
0.8132942326490713 -7.788606062494514
0.8142717497556208 4.613911266769079
0.8152492668621701 -0.6050595760796408
0.8162267839687195 -6.464034149508313
0.8172043010752689 4.894827907989861
0.8181818181818182 -6.324101222248348
0.8191593352883676 0.05536040726655467
0.820136852394917 14.118763607823347
0.8211143695014663 -5.4213324118106225
0.8220918866080157 -1.5446711165478475
0.823069403714565 -1.0534921695056254
0.8240469208211144 -1.7277246716451506
0.8250244379276638 -1.5165341248956254
0.8260019550342131 0.609534633397744
0.8269794721407625 0.6721393406179095
0.8279569892473119 3.281425152249041
0.8289345063538612 1.6801416446296302
0.8299120234604106 -3.536465730678955
0.83088954056696 -7.196805155008765
0.8318670576735093 12.169388991283675
0.8328445747800587 -3.5138788779898995
0.833822091886608 -1.8661783581626863
0.8347996089931574 4.831688694812531
0.8357771260997068 -6.584004419074667
0.8367546432062561 -0.0496304509490304
0.8377321603128055 1.853318473278144
0.8387096774193549 -9.140474036986081
0.8396871945259042 13.423211555727901
0.8406647116324536 2.7883808390472087
0.841642228739003 -5.271852205060778
0.8426197458455523 -0.16426383921355403
0.8435972629521017 -1.5385315727504714
0.844574780058651 -2.1747353492687562
0.8455522971652004 0.25244161589241765
0.8465298142717498 -0.10203560661957739
0.8475073313782991 2.920263076914431
0.8484848484848485 1.9465011315921372
0.8494623655913979 0.8988406335603867
0.8504398826979472 -9.546233357631177
0.8514173998044966 4.9263451426340215
0.852394916911046 6.778541683437581
0.8533724340175953 -7.526274093089922
0.8543499511241447 5.245477068865359
0.855327468230694 -1.701830387053712
0.8563049853372434 -5.8431850949842055
0.8572825024437928 5.154583269508668
0.8582600195503421 -7.546532278531702
0.8592375366568915 2.3084979499484573
0.8602150537634409 12.990131529515956
0.8611925708699902 -6.050301755743586
0.8621700879765396 -1.0623524133899505
0.863147605083089 -1.19436658665429
0.8641251221896383 -1.8022338040636565
0.8651026392961877 -1.26920849229011
0.8660801564027371 0.5170496245995637
0.8670576735092864 0.9877639720861309
0.8680351906158358 3.131993571753601
0.8690127077223851 1.713041456649066
0.8699902248289345 -4.601399454564442
0.8709677419354839 -5.826619342444766
0.8719452590420332 12.343872195800172
0.8729227761485826 -4.919310949596785
0.873900293255132 -0.5487241677088177
0.8748778103616813 4.127060533373268
0.8758553274682307 -6.988777833009269
0.8768328445747801 1.0746953585059644
0.8778103616813294 0.5602159140539996
0.8787878787878788 -8.24158818732555
0.8797653958944281 14.468322064981416
0.8807429130009775 0.9261844280371534
0.8817204301075269 -4.637623341939945
0.8826979472140762 -0.26964715486837076
0.8836754643206256 -1.5518216015534343
0.884652981427175 -2.1616976684174793
0.8856304985337243 0.4339970589990543
0.8866080156402737 -0.10791453876780199
0.8875855327468231 3.1433743915071615
0.8885630498533724 1.8057281453161544
0.8895405669599218 0.413639447952161
0.8905180840664711 -9.817167302795601
0.8914956011730205 6.766062792612922
0.8924731182795699 5.002728788961589
0.8934506353861192 -6.990038566109977
0.8944281524926686 5.669971593727022
0.895405669599218 -2.7664733141506854
0.8963831867057673 -5.068267150170927
0.8973607038123167 5.169042428816725
0.8983382209188661 -8.556107766264564
0.8993157380254154 4.5828411820074315
0.9002932551319648 11.574358611345927
0.9012707722385142 -6.418606104099975
0.9022482893450635 -0.6776524529755052
0.9032258064516129 -1.309641723588347
0.9042033235581622 -1.88511688780999
0.9051808406647116 -0.9984353847747116
0.906158357771261 0.39841635736173986
0.9071358748778103 1.3341685697168453
0.9081133919843597 2.9419502177580803
0.9090909090909091 1.7289247226792397
0.9100684261974584 -5.676042974416712
0.9110459433040078 -4.224845138124001
0.9120234604105572 12.145424225443964
0.9130009775171065 -6.076112678825655
0.9139784946236559 0.7407619112453041
0.9149560117302052 3.2855090353547194
0.9159335288367546 -7.220415739383789
0.916911045943304 2.135981994783873
0.9178885630498533 -0.856927537395225
0.9188660801564027 -6.997886042773374
0.9198435972629521 15.133279137809765
0.9208211143695014 -0.8041073081724903
0.9217986314760508 -3.95420599154442
0.9227761485826002 -0.4151025154590626
0.9237536656891495 -1.5677796959995751
0.9247311827956989 -2.1077831494988564
0.9257086999022482 0.5672664243147847
0.9266862170087976 -0.056643571335012854
0.927663734115347 3.301980701205367
0.9286412512218963 1.7082285094382517
0.9296187683284457 -0.20218271777943908
0.9305962854349951 -9.818357735543637
0.9315738025415444 8.427360384935026
0.9325513196480938 3.137509557031251
0.9335288367546432 -6.211641605247036
0.9345063538611925 5.880069235952158
0.9354838709677419 -3.770994614155601
0.9364613880742912 -4.159760360979786
0.9374389051808406 4.927961349473907
0.9384164222873901 -9.301457894731278
0.9393939393939394 6.802238517949119
0.9403714565004888 9.927290785187674
0.9413489736070382 -6.54042330701208
0.9423264907135875 -0.3952228718880204
0.9433040078201369 -1.3978533022716912
0.9442815249266863 -1.9703009275233674
0.9452590420332356 -0.7151241166373243
0.946236559139785 0.26667156705544226
0.9472140762463344 1.6964341281619033
0.9481915933528837 2.725972391546215
0.9491691104594331 1.705631950172719
0.9501466275659824 -6.7175692687967645
0.9511241446725318 -2.4368370345558032
0.9521016617790812 11.583670320763236
0.9530791788856305 -6.952124788495116
0.9540566959921799 1.956910272277922
0.9550342130987293 2.334370902714372
0.9560117302052786 -7.270950086298701
0.956989247311828 3.0941128424104294
0.9579667644183774 -2.3455291698841396
0.9589442815249267 -5.440910548570258
0.9599217986314761 15.400819668802605
0.9608993157380255 -2.3546961133261592
0.9618768328445748 -3.2591148714649822
0.9628543499511242 -0.5840929813154212
0.9638318670576735 -1.592074460949861
0.9648093841642229 -2.0097107564667
0.9657869012707723 0.6483504609913013
0.9667644183773216 0.05601683169856808
0.967741935483871 3.3908649767771113
0.9687194525904204 1.654605994571761
0.9696969696969697 -0.9459961134066197
0.9706744868035191 -9.529115334966615
0.9716520039100685 9.851431951185003
0.9726295210166178 1.2507577321295078
0.9736070381231672 -5.2304122549003695
0.9745845552297165 5.875635892245164
0.9755620723362659 -4.689233012549476
0.9765395894428153 -3.1431502194432324
0.9775171065493646 4.430551632010168
0.978494623655914 -9.739658397031018
0.9794721407624634 8.891955297645941
0.9804496578690127 8.111298533891135
0.9814271749755621 -6.438789367610504
0.9824046920821115 -0.2136281101230706
0.9833822091886608 -1.4604695361234032
0.9843597262952102 -2.0502701105241625
0.9853372434017595 -0.4313115295723012
0.9863147605083089 0.13602603067461594
0.9872922776148583 2.0583527652990057
0.9882697947214076 2.4997497655688674
0.989247311827957 1.6204159720273799
0.9902248289345064 -7.680214156570129
0.9912023460410557 -0.5169835580997493
0.9921798631476051 10.681817605167028
0.9931573802541545 -7.526815371352159
0.9941348973607038 3.0591714538214627
0.9951124144672532 1.3028053918676605
0.9960899315738025 -7.1368170037354846
0.9970674486803519 3.9105769006132003
0.9980449657869013 -3.847624371212992
0.9990224828934506 -3.614973989881608
1.0 15.26843271872382
