1024
0.0 6.353595449154086
0.0009775171065493646 -1.9672558910399096
0.0019550342130987292 -4.5491396119253915
0.002932551319648094 -2.137307076656188
0.0039100684261974585 -0.11384851814134156
0.004887585532746823 0.07272466803831318
0.005865102639296188 -5.71580471200096
0.006842619745845552 -6.411506126033794
0.007820136852394917 -4.572241848699978
0.00879765395894428 -4.3802636129609605
0.009775171065493646 -0.5075711627825207
0.010752688172043012 0.2652396794434352
0.011730205278592375 0.3878334897816691
0.012707722385141739 -0.9849408427891061
0.013685239491691105 -2.3789227869743863
0.01466275659824047 4.793548029900091
0.015640273704789834 8.53901654845855
0.016617790811339198 6.643909893931543
0.01759530791788856 3.497018449117488
0.01857282502443793 1.1581846242937248
0.019550342130987292 6.196621764331319
0.020527859237536656 7.534119546890121
0.021505376344086023 4.925506810474452
0.022482893450635387 3.909862069554373
0.02346041055718475 -0.192951646084641
0.024437927663734114 -1.3760182540269141
0.025415444770283478 -2.2188038247611908
0.026392961876832845 -1.7300002456279282
0.02737047898338221 0.8370297664123406
0.028347996089931573 -4.898696841264892
0.02932551319648094 -9.514077580064196
0.030303030303030304 -8.682702226058188
0.03128054740957967 -5.222813264048755
0.03225806451612903 -0.9003619535244471
0.033235581622678395 -4.8674005577923
0.03421309872922776 -7.164734410384891
0.03519061583577712 -4.524718672637154
0.03616813294232649 -2.91466853746393
0.03714565004887586 1.3857252320170732
0.03812316715542522 2.5673547941580446
0.039100684261974585 3.4872205109286227
0.04007820136852395 3.8025288522133476
0.04105571847507331 0.3492172829296186
0.042033235581622676 4.183544227681155
0.043010752688172046 8.866422705334692
0.04398826979472141 9.000534124663863
0.044965786901270774 5.7205954597933575
0.04594330400782014 -0.4949126344958429
0.0469208211143695 1.7419766544532262
0.047898338220918865 4.738040169310533
0.04887585532746823 2.4774563710710713
0.04985337243401759 0.39350380955851816
0.050830889540566956 -4.392209469895667
0.05180840664711633 -5.684475733537962
0.05278592375366569 -6.3612053331259775
0.053763440860215055 -7.500632099343235
0.05474095796676442 -3.7992343388995136
0.05571847507331378 -5.88172285239013
0.056695992179863146 -10.202387132395577
0.05767350928641251 -11.294631332506404
0.05865102639296188 -8.96959390202984
0.059628543499511244 -1.572683686557073
0.06060606060606061 -1.9047126789866202
0.06158357771260997 -5.466830909228051
0.06256109481915934 -4.226966598180687
0.0635386119257087 -2.3142741456288483
0.06451612903225806 2.8110905714196535
0.06549364613880743 4.186650452488964
0.06647116324535679 4.108509218777299
0.06744868035190615 5.613605055448645
0.06842619745845552 1.9433112796675682
0.06940371456500488 2.4184743082501114
0.07038123167155425 5.87249511448507
0.07135874877810362 7.5163882579551204
0.07233626588465299 6.570319135762908
0.07331378299120235 -1.2420647969500656
0.07429130009775171 -2.871372383280526
0.07526881720430108 0.8941488404918069
0.07624633431085044 1.0572891000387756
0.0772238514173998 0.04928587335383017
0.07820136852394917 -5.071849107915631
0.07917888563049853 -6.554072300214447
0.0801564027370479 -5.313375839731281
0.08113391984359726 -6.4890571423821815
0.08211143695014662 -2.7916383755803187
0.08308895405669599 -1.7571205645493615
0.08406647116324535 -3.8294442138962532
0.08504398826979472 -5.241637623940969
0.08602150537634409 -5.538564449652019
0.08699902248289346 2.182096379069496
0.08797653958944282 5.9147862845379535
0.08895405669599218 2.7426136315241028
0.08993157380254155 1.4707090155061584
0.09090909090909091 1.288857239465471
0.09188660801564028 6.3060656041536305
0.09286412512218964 8.381107061102735
0.093841642228739 6.263792078435312
0.09481915933528837 6.880327510377387
0.09579667644183773 3.35126884353192
0.0967741935483871 1.3927243095658834
0.09775171065493646 2.2512992533876224
0.09872922776148582 3.075312333666428
0.09970674486803519 4.5977315443844216
0.10068426197458455 -2.2160640834764718
0.10166177908113391 -7.5855614499438495
0.10263929618768329 -5.41942208743993
0.10361681329423265 -3.310569315047098
0.10459433040078202 -1.5462938591709883
0.10557184750733138 -5.971432969394172
0.10654936461388075 -8.839022478816103
0.10752688172043011 -6.180227206680042
0.10850439882697947 -5.986874842187159
0.10948191593352884 -2.5294659988381243
0.1104594330400782 -0.06494610635702536
0.11143695014662756 -0.012091900308369485
0.11241446725317693 0.054100446314523154
0.11339198435972629 -2.382966019043786
0.11436950146627566 2.946713272635467
0.11534701857282502 9.337454957369506
0.11632453567937438 8.466596214398944
0.11730205278592376 6.03945128733767
0.11827956989247312 2.5993806969537574
0.11925708699902249 5.917797263016002
0.12023460410557185 9.664543389183526
0.12121212121212122 7.005700260415787
0.12218963831867058 6.023666516274728
0.12316715542521994 2.511660344648422
0.1241446725317693 -0.12318272469635927
0.12512218963831867 -0.5834000129159087
0.12609970674486803 -1.574864256279846
0.1270772238514174 1.3806119662962526
0.12805474095796676 -2.107051916343794
0.12903225806451613 -8.77856943306178
0.1300097751710655 -9.236247566158957
0.13098729227761485 -7.094209067172052
0.13196480938416422 -2.198758806023516
0.13294232649071358 -3.9644880444105737
0.13391984359726294 -8.5263233864098
0.1348973607038123 -6.527040026343255
0.13587487781036167 -5.1273273350827715
0.13685239491691104 -1.575706893622983
0.1378299120234604 0.9177574475343002
0.13880742913000976 1.068210754930364
0.13978494623655913 2.572355386139229
0.1407624633431085 -0.7222736686263472
0.14173998044965788 0.5916629671447144
0.14271749755620725 6.553658658308698
0.1436950146627566 7.820879126798969
0.14467253176930597 6.201737546590203
0.14565004887585534 0.015914218867356
0.1466275659824047 -0.42134710232012196
0.14760508308895406 4.331591060851376
0.14858260019550343 3.195120758814671
0.1495601173020528 1.5890017918957777
0.15053763440860216 -2.251433950496854
0.15151515151515152 -4.827052760627728
0.15249266862170088 -4.397132495859934
0.15347018572825025 -6.1428024101940295
0.1544477028347996 -2.922023038737868
0.15542521994134897 -2.288365340979822
0.15640273704789834 -6.982146149956254
0.1573802541544477 -8.590381452968654
0.15835777126099707 -7.7898210865677076
0.15933528836754643 -0.8709260255717794
0.1603128054740958 2.033113411283752
0.16129032258064516 -2.258465455755902
0.16226783968719452 -2.0615875261709387
0.16324535679374388 -0.6106820334211689
0.16422287390029325 3.6072777646163554
0.1652003910068426 6.654279060168345
0.16617790811339198 5.652434881937283
0.16715542521994134 7.3858928464206555
0.1681329423264907 4.647144490299453
0.16911045943304007 2.661899558047062
0.17008797653958943 5.992207127544586
0.1710654936461388 7.6189643265476
0.17204301075268819 7.964952351179542
0.17302052785923755 1.247674247233489
0.1739980449657869 -3.799698259190246
0.17497556207233628 -0.3504054829951516
0.17595307917888564 0.5261633629960062
0.176930596285435 -0.09393015138561994
0.17790811339198437 -4.2700965977251
0.17888563049853373 -7.8923423204287815
0.1798631476050831 -6.260665854278827
0.18084066471163246 -7.441747806650301
0.18181818181818182 -5.1122781633144605
0.1827956989247312 -2.162331660496006
0.18377321603128055 -4.040360073519038
0.18475073313782991 -5.123386927044177
0.18572825024437928 -6.4352779432984475
0.18670576735092864 -0.5639034436679226
0.187683284457478 6.266882415394546
0.18866080156402737 4.204274522996321
0.18963831867057673 2.6212948133026663
0.1906158357771261 2.1126174387797554
0.19159335288367546 5.919058709143582
0.19257086999022482 10.409370123475828
0.1935483870967742 8.589093023752788
0.19452590420332355 9.091345881547745
0.19550342130987292 7.230631585249386
0.19648093841642228 3.974641613980009
0.19745845552297164 4.8883751149023125
0.198435972629521 5.34502104369313
0.19941348973607037 7.583734668463072
0.20039100684261973 3.4061118435079525
0.2013685239491691 -4.252154366213529
0.20234604105571846 -3.5488843261537624
0.20332355816226783 -1.428008789567061
0.20430107526881722 0.6721649424405336
0.20527859237536658 -1.9550308348408727
0.20625610948191594 -7.057023311990505
0.2072336265884653 -5.259702257661565
0.20821114369501467 -4.7976049967917
0.20918866080156404 -3.0102692977450904
0.2101661779081134 0.3644059467835552
0.21114369501466276 0.0783296303959985
0.21212121212121213 0.4053679123546209
0.2130987292277615 -2.3299335018519933
0.21407624633431085 -0.21058935044033866
0.21505376344086022 7.409531734886357
0.21603128054740958 7.949272099925876
0.21700879765395895 5.6684703937576595
0.2179863147605083 1.8792610078806427
0.21896383186705767 2.5781404592154016
0.21994134897360704 7.828075456413638
0.2209188660801564 6.2585586392196815
0.22189638318670576 4.699430436415017
0.22287390029325513 2.4507633233086623
0.2238514173998045 -1.2171087110363537
0.22482893450635386 -1.3979806982788316
0.22580645161290322 -2.6890209516653503
0.22678396871945258 -0.20884784058404066
0.22776148582600195 -0.5313759740795752
0.2287390029325513 -7.648082374470131
0.22971652003910067 -9.46091537217773
0.23069403714565004 -7.791851540012267
0.2316715542521994 -2.9470091220248484
0.23264907135874877 -1.5781862197668752
0.23362658846529813 -6.803902149139185
0.23460410557184752 -6.080283214041706
0.23558162267839688 -4.009328613428943
0.23655913978494625 -1.3599614402589364
0.2375366568914956 2.455143638988879
0.23851417399804498 2.528265686104109
0.23949169110459434 4.278016510993606
0.2404692082111437 2.2483255737705417
0.24144672531769307 0.8445669429876104
0.24242424242424243 6.711337535498646
0.2434017595307918 9.203039559524768
0.24437927663734116 8.366660502356144
0.24535679374389052 2.9286242954844983
0.24633431085043989 -0.7785551535996436
0.24731182795698925 3.767172138383872
0.2482893450635386 3.981771355306141
0.24926686217008798 1.7910463152803513
0.25024437927663734 -1.3515653233146272
0.2512218963831867 -5.606125585219515
0.25219941348973607 -5.485658300944278
0.25317693059628543 -7.383237423867405
0.2541544477028348 -6.146230005813719
0.25513196480938416 -3.5900496122640813
0.2561094819159335 -8.031220037373018
0.2570869990224829 -10.829242255658244
0.25806451612903225 -11.155385540672796
0.2590420332355816 -6.029064338699739
0.260019550342131 -0.3488666441008561
0.26099706744868034 -3.8788156637321602
0.2619745845552297 -5.227972112218689
0.26295210166177907 -3.6774885085480156
0.26392961876832843 -0.49257133843382195
0.2649071358748778 4.187628240145396
0.26588465298142716 3.6859990880202718
0.2668621700879765 5.103730776182146
0.2678396871945259 4.503969857216918
0.26881720430107525 1.1682392613293204
0.2697947214076246 4.040154897614527
0.270772238514174 6.559694258978567
0.27174975562072334 7.9317468475846695
0.2727272727272727 3.824950567549388
0.27370478983382207 -3.3093192974456955
0.27468230694037143 -1.140793387515921
0.2756598240469208 1.2291963977169948
0.27663734115347016 0.9467641310695457
0.2776148582600195 -1.642093690415791
0.2785923753665689 -6.61538464168842
0.27956989247311825 -5.674012900970702
0.2805474095796676 -5.97345685164116
0.281524926686217 -5.514258361501652
0.2825024437927664 -1.535126698245994
0.28347996089931576 -2.7230302413903105
0.2844574780058651 -4.246036668385352
0.2854349951124145 -6.0386816849429525
0.28641251221896386 -3.179378238642683
0.2873900293255132 5.017512732888365
0.2883675464320626 4.7386075734353135
0.28934506353861195 2.0485128289644754
0.2903225806451613 1.061322064675636
0.2913000977517107 2.7424019845394536
0.29227761485826004 8.162049445951553
0.2932551319648094 7.3182060369129305
0.29423264907135877 6.511990882616537
0.29521016617790813 6.03081344813923
0.2961876832844575 1.850401882567605
0.29716520039100686 1.8491892426473415
0.2981427174975562 2.287415076758286
0.2991202346041056 4.142920915364696
0.30009775171065495 2.889860739840671
0.3010752688172043 -5.512616231220554
0.3020527859237537 -7.067522892403413
0.30303030303030304 -4.548543378822977
0.3040078201368524 -2.2928949262283354
0.30498533724340177 -2.5205783665005015
0.30596285434995113 -8.130544967917126
0.3069403714565005 -7.782107843337044
0.30791788856304986 -5.967821027028679
0.3088954056695992 -5.153450165059957
0.3098729227761486 -0.9151597196269158
0.31085043988269795 -0.18849233018432973
0.3118279569892473 0.3826590829797394
0.3128054740957967 -1.0881478173661256
0.31378299120234604 -1.4554621412365272
0.3147605083088954 6.374322644199379
0.31573802541544477 9.495266854105932
0.31671554252199413 7.660884870695327
0.3176930596285435 4.468781838416051
0.31867057673509286 2.8836949369571783
0.3196480938416422 8.304315964481633
0.3206256109481916 8.844479780358004
0.32160312805474095 6.41619875031462
0.3225806451612903 5.120640100767467
0.3235581622678397 0.8610628710945096
0.32453567937438904 -0.11131811406783443
0.3255131964809384 -1.3309056870439797
0.32649071358748777 -0.5393432353961432
0.32746823069403713 1.2560456337663957
0.3284457478005865 -5.333414747433509
0.32942326490713586 -9.510217188101679
0.3304007820136852 -8.72047669815857
0.3313782991202346 -5.151576610201046
0.33235581622678395 -1.6564426020451775
0.3333333333333333 -6.441109282339449
0.3343108504398827 -8.171827561207497
0.33528836754643204 -5.783253659857081
0.3362658846529814 -4.163726871022933
0.33724340175953077 0.046627737469341124
0.33822091886608013 0.7552176101169203
0.3391984359726295 1.9158990051135518
0.34017595307917886 1.6898643116895138
0.3411534701857282 -1.4140062180797144
0.3421309872922776 3.2385011455184847
0.34310850439882695 7.54735016162768
0.34408602150537637 7.628019261493467
0.34506353861192574 4.026947907970951
0.3460410557184751 -1.5246739322026661
0.34701857282502446 1.8097607354723602
0.3479960899315738 4.447794744126261
0.3489736070381232 2.436847494373397
0.34995112414467255 0.5040353771685058
0.3509286412512219 -3.9750288433101573
0.3519061583577713 -4.466062023927793
0.35288367546432065 -5.174171963202763
0.35386119257087 -5.512289804087727
0.3548387096774194 -1.6003222389427463
0.35581622678396874 -4.195505253973901
0.3567937438905181 -7.98041130328485
0.35777126099706746 -8.745457649096755
0.3587487781036168 -5.643589134671281
0.3597262952101662 1.649435035171218
0.36070381231671556 0.34641418024357956
0.3616813294232649 -2.7782875342924838
0.3626588465298143 -1.4577629179458396
0.36363636363636365 0.5660303314335496
0.364613880742913 5.587161294510804
0.3655913978494624 6.173085549052811
0.36656891495601174 6.22971428338359
0.3675464320625611 7.074703705812658
0.36852394916911047 2.9846912285702203
0.36950146627565983 3.875616251736142
0.3704789833822092 6.837962269245105
0.37145650048875856 8.143426511037038
0.3724340175953079 6.205923356864654
0.3734115347018573 -1.9912078184562922
0.37438905180840665 -2.7954106648434545
0.375366568914956 0.5238251123789062
0.3763440860215054 0.32795292810684595
0.37732160312805474 -1.128697423566663
0.3782991202346041 -6.504752052196212
0.37927663734115347 -7.339636936013061
0.38025415444770283 -6.438429878504026
0.3812316715542522 -7.3206557395366065
0.38220918866080156 -3.2671543058683996
0.3831867057673509 -2.732273553236178
0.3841642228739003 -4.5278519948197875
0.38514173998044965 -5.844597068051654
0.386119257086999 -5.254435015624277
0.3870967741935484 3.1331254186325594
0.38807429130009774 6.09693408827414
0.3890518084066471 3.20593422372412
0.39002932551319647 2.3528824420019383
0.39100684261974583 2.8285610570361115
0.3919843597262952 8.44493641385298
0.39296187683284456 10.008671941145176
0.3939393939393939 8.371138929950778
0.3949169110459433 9.101431747659458
0.39589442815249265 5.427723291897577
0.396871945259042 4.159749629907273
0.3978494623655914 5.0421500246516615
0.39882697947214074 6.17755748478168
0.3998044965786901 7.212553283278881
0.40078201368523947 -0.28805566161744534
0.40175953079178883 -4.802061735692369
0.4027370478983382 -2.5394307501168063
0.40371456500488756 -0.591963364982399
0.4046920821114369 0.6065256411926794
0.4056695992179863 -4.56705815016845
0.40664711632453565 -6.899315094493049
0.40762463343108507 -4.609173483721989
0.40860215053763443 -4.731638087970505
0.4095796676441838 -1.2589818540649307
0.41055718475073316 0.4036695361302647
0.4115347018572825 0.24403644296313076
0.4125122189638319 -0.3398309453552958
0.41348973607038125 -2.783064028969781
0.4144672531769306 3.1103371631074372
0.41544477028348 8.516386710858761
0.41642228739002934 7.081113049169448
0.4173998044965787 4.319608384048523
0.41837732160312807 1.039000340864152
0.41935483870967744 4.994188560665446
0.4203323558162268 7.960645261596915
0.42130987292277616 5.208512492828697
0.4222873900293255 4.342354068891077
0.4232649071358749 0.617453320679995
0.42424242424242425 -1.4263813426277352
0.4252199413489736 -1.8729015186267994
0.426197458455523 -2.303062040244046
0.42717497556207235 0.841549137821492
0.4281524926686217 -3.317940396537268
0.4291300097751711 -9.211355506300361
0.43010752688172044 -8.992385839995102
0.4310850439882698 -6.256606519568591
0.43206256109481916 -1.2309088133298425
0.43304007820136853 -3.655120047048629
0.4340175953079179 -7.396555005922713
0.43499511241446726 -4.932195696246797
0.4359726295210166 -3.4229185058452307
0.436950146627566 0.5424960366442635
0.43792766373411535 2.6488223641234034
0.4389051808406647 3.0479598736116293
0.4398826979472141 4.2556675548236305
0.44086021505376344 0.7224192091428845
0.4418377321603128 2.8653929423955824
0.44281524926686217 8.408270311502758
0.44379276637341153 9.133293343323842
0.4447702834799609 6.863141512679589
0.44574780058651026 0.3425472829146925
0.4467253176930596 0.6637460084179191
0.447702834799609 4.750867819745801
0.44868035190615835 2.9231663025391414
0.4496578690127077 0.9995304982530355
0.4506353861192571 -3.4523004667292136
0.45161290322580644 -5.814774645532201
0.4525904203323558 -5.900912116127105
0.45356793743890517 -7.761043889231079
0.45454545454545453 -4.4244635323024655
0.4555229716520039 -4.867861749551011
0.45650048875855326 -9.671616083277623
0.4574780058651026 -11.183777994849088
0.458455522971652 -10.028659501219622
0.45943304007820135 -2.8416356892446837
0.4604105571847507 -1.0415480613595562
0.4613880742913001 -5.220689859101481
0.46236559139784944 -4.549944782445098
0.4633431085043988 -2.9272016445036178
0.46432062561094817 1.7715615516600935
0.46529814271749753 4.399429231370368
0.4662756598240469 3.7630665984416534
0.46725317693059626 5.713214766039554
0.4682306940371456 2.7343217575012737
0.46920821114369504 1.7392382648194307
0.4701857282502444 5.394508226673515
0.47116324535679377 7.189383168383077
0.47214076246334313 7.3943067194258525
0.4731182795698925 0.34678991968849027
0.47409579667644186 -3.4378803420948714
0.4750733137829912 0.4161972754434944
0.4760508308895406 1.1242767251034842
0.47702834799608995 0.5367830235581581
0.4780058651026393 -3.955433445787247
0.4789833822091887 -6.853127347243726
0.47996089931573804 -5.218642099244985
0.4809384164222874 -6.532788256136253
0.48191593352883677 -3.7111567912831545
0.48289345063538613 -1.4326226298645228
0.4838709677419355 -3.5541280585345336
0.48484848484848486 -4.8316987579713295
0.4858260019550342 -6.075365418129537
0.4868035190615836 0.3637459633220183
0.48778103616813295 6.07019002373351
0.4887585532746823 3.3038537766998584
0.4897360703812317 1.66439606342657
0.49071358748778104 0.9964367936699063
0.4916911045943304 5.082058726685507
0.49266862170087977 8.64844258251051
0.49364613880742914 6.421324135288722
0.4946236559139785 6.909485909036363
0.49560117302052786 4.30427687138531
0.4965786901270772 1.318210835332978
0.4975562072336266 2.1986875262456502
0.49853372434017595 2.664289565182038
0.4995112414467253 4.774141002743332
0.5004887585532747 -0.35403023686843416
0.501466275659824 -7.337387040056306
0.5024437927663734 -5.955458126158905
0.5034213098729228 -3.7645669476234436
0.5043988269794721 -1.5659663209710393
0.5053763440860215 -4.695683069320693
0.5063538611925709 -8.984116731738498
0.5073313782991202 -6.5695835602733075
0.5083088954056696 -6.073534454321672
0.509286412512219 -3.48505181435491
0.5102639296187683 -0.1411624531120962
0.5112414467253177 -0.16493216833633884
0.512218963831867 0.3666173720131125
0.5131964809384164 -2.2002502871345504
0.5141739980449658 1.2108016715155394
0.5151515151515151 8.741154642555284
0.5161290322580645 8.865066812010129
0.5171065493646139 6.682662257082921
0.5180840664711632 3.009150122456081
0.5190615835777126 4.675378401434238
0.520039100684262 9.599820447171421
0.5210166177908113 7.542370919547525
0.5219941348973607 6.205951352382423
0.52297165200391 3.4643931560620658
0.5239491691104594 0.0028178298256755774
0.5249266862170088 -0.30351359232226127
0.5259042033235581 -1.7224710692773186
0.5268817204301075 0.8861562042620414
0.5278592375366569 -0.642233922844865
0.5288367546432062 -7.942766969760787
0.5298142717497556 -9.418328428434048
0.530791788856305 -7.806530994716112
0.5317693059628543 -3.020389682483845
0.5327468230694037 -2.8570430292992604
0.533724340175953 -8.186510615302442
0.5347018572825024 -7.071168995353594
0.5356793743890518 -5.379090562687103
0.5366568914956011 -2.516185580817318
0.5376344086021505 0.8455471872163578
0.5386119257086999 0.8114500643503704
0.5395894428152492 2.5746575551147086
0.5405669599217986 0.04798948880082987
0.541544477028348 -0.4558011468574943
0.5425219941348973 5.672556710364553
0.5434995112414467 7.818989976371448
0.544477028347996 6.90459657066173
0.5454545454545454 1.2759355577513227
0.5464320625610948 -1.2176191280870303
0.5474095796676441 3.773699889090593
0.5483870967741935 3.66873658448413
0.5493646138807429 1.9091478457753681
0.5503421309872922 -1.2541211283107065
0.5513196480938416 -4.796841240185212
0.552297165200391 -4.2511721102303355
0.5532746823069403 -6.002043398596555
0.5542521994134897 -3.855248091876858
0.555229716520039 -1.6839607067905222
0.5562072336265884 -6.196809279949852
0.5571847507331378 -8.444103289906622
0.5581622678396871 -8.368203623624169
0.5591397849462365 -2.498328013528895
0.5601173020527859 2.3901639394663716
0.5610948191593352 -1.572222865255494
0.5620723362658846 -2.3928490369682374
0.563049853372434 -0.9515879375717324
0.5640273704789834 2.4944237182566256
0.5650048875855328 6.597115141210699
0.5659824046920822 5.66391713875937
0.5669599217986315 7.120221815213918
0.5679374389051809 5.6062453674124075
0.5689149560117303 2.426716630335408
0.5698924731182796 5.370285712695374
0.570869990224829 7.363526133091749
0.5718475073313783 8.280277052497109
0.5728250244379277 3.062819956724703
0.5738025415444771 -3.694382132818808
0.5747800586510264 -1.0969041201415495
0.5757575757575758 0.6221394964344413
0.5767350928641252 0.12991598528379505
0.5777126099706745 -3.0784588568213445
0.5786901270772239 -7.768421564424206
0.5796676441837733 -6.493778693711011
0.5806451612903226 -7.155061085935135
0.581622678396872 -6.046925088223793
0.5826001955034213 -2.2341294389364723
0.5835777126099707 -3.6549208948096163
0.5845552297165201 -4.873398171100256
0.5855327468230694 -6.450214893234255
0.5865102639296188 -2.4097350551413688
0.5874877810361682 5.686070232229133
0.5884652981427175 4.874772178119034
0.5894428152492669 2.747028982195225
0.5904203323558163 2.095805049106114
0.5913978494623656 4.675270602612263
0.592375366568915 10.113311473375704
0.5933528836754643 8.997530549892995
0.5943304007820137 8.832527837144855
0.5953079178885631 8.069404273931564
0.5962854349951124 4.207185495882695
0.5972629521016618 4.688439714179837
0.5982404692082112 5.147812826147753
0.5992179863147605 7.247339515256372
0.6001955034213099 5.0532219200955755
0.6011730205278593 -3.320801393968241
0.6021505376344086 -4.092095601972872
0.603128054740958 -1.7814227864422052
0.6041055718475073 0.33741384194790036
0.6050830889540567 -0.8037179537214956
0.6060606060606061 -6.573452254876777
0.6070381231671554 -5.819990144949242
0.6080156402737048 -4.667596156399037
0.6089931573802542 -3.790667576049338
0.6099706744868035 0.045292299206487474
0.6109481915933529 0.1351767202641494
0.6119257086999023 0.4692385941556565
0.6129032258064516 -1.694933326789894
0.613880742913001 -1.5038904767603598
0.6148582600195504 6.2672189860874505
0.6158357771260997 8.316873893917311
0.6168132942326491 6.186600676232395
0.6177908113391984 2.6496149024773112
0.6187683284457478 1.6854480994836802
0.6197458455522972 7.180375648623527
0.6207233626588465 6.922384454938283
0.6217008797653959 4.780825476261128
0.6226783968719453 3.2684377461948584
0.6236559139784946 -0.8175600355097574
0.624633431085044 -1.3420351825847585
0.6256109481915934 -2.5246484872835637
0.6265884652981427 -0.9887305604312386
0.6275659824046921 0.376479839104527
0.6285434995112414 -6.3867354303779535
0.6295210166177908 -9.570947685208527
0.6304985337243402 -8.297993362741359
0.6314760508308895 -4.083228384896651
0.6324535679374389 -1.0185569409010413
0.6334310850439883 -5.96556435437992
0.6344086021505376 -6.686131050019677
0.635386119257087 -4.234951109928667
0.6363636363636364 -2.218744631535455
0.6373411534701857 2.0383333137525588
0.6383186705767351 2.497741132580458
0.6392961876832844 3.9352721480893456
0.6402737047898338 3.097585628122522
0.6412512218963832 0.3794625841834032
0.6422287390029325 5.510186719134671
0.6432062561094819 9.110745510253194
0.6441837732160313 8.764636960498406
0.6451612903225806 4.3733773515706815
0.64613880742913 -0.8803327548665907
0.6471163245356794 2.830909337576907
0.6480938416422287 4.4493790598807665
0.6490713587487781 2.112552880412187
0.6500488758553274 -0.3973792263895173
0.6510263929618768 -5.128900008084967
0.6520039100684262 -5.539402187983136
0.6529814271749755 -6.8943635978338875
0.6539589442815249 -6.936704470418906
0.6549364613880743 -3.499981721835334
0.6559139784946236 -6.977859196426025
0.656891495601173 -10.571100153027617
0.6578690127077224 -11.309973580770784
0.6588465298142717 -7.605383153911193
0.6598240469208211 -0.7151654749449463
0.6608015640273704 -2.9063145733527556
0.6617790811339198 -5.446045980456785
0.6627565982404692 -3.9458304709733034
0.6637341153470185 -1.4963670912135099
0.6647116324535679 3.6411090794221974
0.6656891495601173 3.907957791332103
0.6666666666666666 4.591651034259184
0.667644183773216 5.196212023443577
0.6686217008797654 1.3930500422633643
0.6695992179863147 3.2226914822956605
0.6705767350928641 6.244387559368384
0.6715542521994134 7.793131316330628
0.6725317693059628 5.358371571823417
0.6735092864125122 -2.501030608100075
0.6744868035190615 -2.0530742660863512
0.6754643206256109 1.1508038276751595
0.6764418377321603 1.0076560871008695
0.6774193548387096 -0.6813897189685307
0.678396871945259 -5.991053656513923
0.6793743890518084 -6.116633179101697
0.6803519061583577 -5.594841252217238
0.6813294232649071 -6.146014449503376
0.6823069403714564 -2.034442988583638
0.6832844574780058 -2.2201952829704794
0.6842619745845552 -4.041773000888665
0.6852394916911045 -5.675444506533243
0.6862170087976539 -4.563342077585385
0.6871945259042033 3.784272808821587
0.6881720430107527 5.425485343216306
0.6891495601173021 2.331459202365105
0.6901270772238515 1.2583902941145255
0.6911045943304008 1.870900394894906
0.6920821114369502 7.374178467435981
0.6930596285434996 7.893069065545314
0.6940371456500489 6.3148788790145405
0.6950146627565983 6.592676282519873
0.6959921798631477 2.5005751509321428
0.696969696969697 1.5997692992811503
0.6979472140762464 2.259343473359093
0.6989247311827957 3.598400132639839
0.6999022482893451 3.973995754828085
0.7008797653958945 -3.992857618708386
0.7018572825024438 -7.459830879512454
0.7028347996089932 -4.953573081127576
0.7038123167155426 -2.8063856636172795
0.7047898338220919 -1.857246623924196
0.7057673509286413 -7.166227257311786
0.7067448680351907 -8.397470057598815
0.70772238514174 -5.990431436747627
0.7086999022482894 -5.691348286249205
0.7096774193548387 -1.6406686524903555
0.7106549364613881 -0.10996615453330416
0.7116324535679375 0.19512501035435714
0.7126099706744868 -0.4558551411196058
0.7135874877810362 -2.1534408234434217
0.7145650048875856 4.726655398354615
0.7155425219941349 9.563424820735762
0.7165200391006843 8.06733735374455
0.7174975562072337 5.286540623883634
0.718475073313783 2.540170835296867
0.7194525904203324 7.183478566788516
0.7204301075268817 9.37945902621276
0.7214076246334311 6.631653913304996
0.7223851417399805 5.676086604717824
0.7233626588465298 1.6122986714847252
0.7243401759530792 -0.1308316451056113
0.7253176930596286 -0.9520800525010888
0.7262952101661779 -1.1641532181474865
0.7272727272727273 1.535281047885861
0.7282502443792767 -3.7265565353236565
0.729227761485826 -9.284975234682086
0.7302052785923754 -9.00743592188516
0.7311827956989247 -6.195402058287256
0.7321603128054741 -1.7146798817561713
0.7331378299120235 -5.217736395445404
0.7341153470185728 -8.498603069724375
0.7350928641251222 -6.09173584777283
0.7360703812316716 -4.737202383699799
0.7370478983382209 -0.6892394123404049
0.7380254154447703 0.8549813479392256
0.7390029325513197 1.4612530432730257
0.739980449657869 2.2721702996057553
0.7409579667644184 -1.2503713323443064
0.7419354838709677 1.872504251380051
0.7429130009775171 7.169441838233703
0.7438905180840665 7.764145019535251
0.7448680351906158 5.233213759555871
0.7458455522971652 -0.959433447203922
0.7468230694037146 0.6442914036872485
0.7478005865102639 4.545292860170025
0.7487781036168133 2.7741583043084037
0.7497556207233627 1.1354476728634892
0.750733137829912 -3.1930576340971872
0.7517106549364614 -4.682091405214282
0.7526881720430108 -4.7249392725598325
0.7536656891495601 -5.986134795496529
0.7546432062561095 -2.1242876277467113
0.7556207233626588 -3.166821019070887
0.7565982404692082 -7.5714462346049975
0.7575757575757576 -8.700737161827371
0.7585532746823069 -6.88039389924395
0.7595307917888563 0.5643330254133947
0.7605083088954057 1.3020507377014834
0.761485826001955 -2.6608676473420685
0.7624633431085044 -1.7383778023477472
0.7634408602150538 -0.1199101326568699
0.7644183773216031 4.677050842378688
0.7653958944281525 6.477919236245717
0.7663734115347018 5.853210407850931
0.7673509286412512 7.38814263860615
0.7683284457478006 3.725927149998541
0.7693059628543499 3.177965804099677
0.7702834799608993 6.477297025529016
0.7712609970674487 7.890108360450103
0.772238514173998 7.283283271859621
0.7732160312805474 -0.49725294079058396
0.7741935483870968 -3.4607982052262605
0.7751710654936461 0.19948306812782213
0.7761485826001955 0.41791155368722177
0.7771260997067448 -0.4963466660084481
0.7781036168132942 -5.4561657363952545
0.7790811339198436 -7.7170281711147855
0.7800586510263929 -6.244193096590504
0.7810361681329423 -7.522718863715796
0.7820136852394917 -4.140305424815588
0.782991202346041 -2.354682942175033
0.7839687194525904 -4.326414925736094
0.7849462365591398 -5.456680065923599
0.7859237536656891 -6.059016026892371
0.7869012707722385 1.3470102093392784
0.7878787878787878 6.377555138489839
0.7888563049853372 3.63235055233155
0.7898338220918866 2.4975441526158297
0.7908113391984359 2.3352541446601958
0.7917888563049853 7.224217788987442
0.7927663734115347 10.348318419086421
0.793743890518084 8.37135952854179
0.7947214076246334 9.211728968473619
0.7956989247311828 6.308580101119405
0.7966764418377321 3.980521300304379
0.7976539589442815 5.0000942273626645
0.7986314760508308 5.69283254068507
0.7996089931573802 7.606763037386624
0.8005865102639296 1.564369966345038
0.8015640273704789 -4.733108305052006
0.8025415444770283 -3.0133403941162533
0.8035190615835777 -1.0369353213576573
0.804496578690127 0.7904389270355937
0.8054740957966764 -3.2606438731767744
0.8064516129032258 -7.149117874277272
0.8074291300097751 -4.83724615957283
0.8084066471163245 -4.851195679496801
0.8093841642228738 -2.1291348266509287
0.8103616813294232 0.46457553688644526
0.8113391984359726 0.12103120363196296
0.8123167155425219 0.13916984206253402
0.8132942326490713 -2.73745629694235
0.8142717497556208 1.3822137263752605
0.8152492668621701 8.15861305000744
0.8162267839687195 7.520238406669179
0.8172043010752689 5.0511634539868115
0.8181818181818182 1.3052170874271725
0.8191593352883676 3.7313249572904783
0.820136852394917 8.08378071435696
0.8211143695014663 5.6610199009123345
0.8220918866080157 4.584212759776017
0.823069403714565 1.5331382593662308
0.8240469208211144 -1.401663840874265
0.8250244379276638 -1.579326164496432
0.8260019550342131 -2.628684397537623
0.8269794721407625 0.4526642154061013
0.8279569892473119 -1.8075687752977365
0.8289345063538612 -8.598380615247942
0.8299120234604106 -9.253900461086806
0.83088954056696 -7.1188771091507945
0.8318670576735093 -1.950264106938049
0.8328445747800587 -2.502132876436456
0.833822091886608 -7.289616528281262
0.8347996089931574 -5.4654813547581504
0.8357771260997068 -3.7667649401484686
0.8367546432062561 -0.40709813025404673
0.8377321603128055 2.6408859118549777
0.8387096774193549 2.711153536080477
0.8396871945259042 4.408752633988957
0.8406647116324536 1.4029447817448948
0.841642228739003 1.7061945270621934
0.8426197458455523 7.69202355663352
0.8435972629521017 9.199849019333577
0.844574780058651 7.745910639040287
0.8455522971652004 1.5318010656443606
0.8465298142717498 -0.22827421517058477
0.8475073313782991 4.428116651582942
0.8484848484848485 3.442646837267284
0.8494623655913979 1.4453257011775222
0.8504398826979472 -2.4026240790924884
0.8514173998044966 -5.818762461098214
0.852394916911046 -5.598006635826321
0.8533724340175953 -7.7051185650235
0.8543499511241447 -5.257230469813951
0.855327468230694 -4.0673504355982235
0.8563049853372434 -8.946290413508667
0.8572825024437928 -11.02511047002194
0.8582600195503421 -10.749535640347004
0.8592375366568915 -4.383919788109575
0.8602150537634409 -0.4802237056795795
0.8611925708699902 -4.680913975429839
0.8621700879765396 -4.901710867330477
0.863147605083089 -3.36177849360548
0.8641251221896383 0.6309160160055565
0.8651026392961877 4.428508658081975
0.8660801564027371 3.6200963548985836
0.8670576735092864 5.516776730594148
0.8680351906158358 3.63728246746885
0.8690127077223851 1.2949629796366495
0.8699902248289345 4.78118387349953
0.8709677419354839 6.866324956599214
0.8719452590420332 7.8295326109393635
0.8729227761485826 2.0975892898311215
0.873900293255132 -3.61408331303247
0.8748778103616813 -0.2811461746222921
0.8758553274682307 1.1973912696385234
0.8768328445747801 0.8144206952277443
0.8778103616813294 -2.768923201826984
0.8787878787878788 -6.897922908815779
0.8797653958944281 -5.347288686842722
0.8807429130009775 -6.3277737204752516
0.8817204301075269 -4.664141095047775
0.8826979472140762 -1.3384025851799537
0.8836754643206256 -3.183520940321476
0.884652981427175 -4.498022966082925
0.8856304985337243 -6.2117686585698335
0.8866080156402737 -1.4854083262969282
0.8875855327468231 5.787129196571949
0.8885630498533724 3.993134260244804
0.8895405669599218 1.8443804838335474
0.8905180840664711 0.9462560877897775
0.8914956011730205 3.8479771639144755
0.8924731182795699 8.591936513971099
0.8934506353861192 6.791805077850917
0.8944281524926686 6.75053391465479
0.895405669599218 5.237474519263127
0.8963831867057673 1.4554579529040983
0.8973607038123167 2.063786817304077
0.8983382209188661 2.405414528983219
0.8993157380254154 4.581488851863132
0.9002932551319648 1.405199089984857
0.9012707722385142 -6.648474465225118
0.9022482893450635 -6.529890232322117
0.9032258064516129 -4.167106850170576
0.9042033235581622 -1.8468475326535463
0.9051808406647116 -3.4986964886134055
0.906158357771261 -8.753581737021165
0.9071358748778103 -7.131436730786765
0.9081133919843597 -6.031445876399021
0.9090909090909091 -4.394380953514874
0.9100684261974584 -0.41194090776420245
0.9110459433040078 -0.22252995526447616
0.9120234604105572 0.46417652741265025
0.9130009775171065 -1.7195535599867076
0.9139784946236559 -0.3048517502956909
0.9149560117302052 7.7435691957220305
0.9159335288367546 9.231028674674858
0.916911045943304 7.213436508189036
0.9178885630498533 3.671860187537409
0.9188660801564027 3.62045115145172
0.9198435972629521 9.139262531569223
0.9208211143695014 8.18901217931025
0.9217986314760508 6.304035819842254
0.9227761485826002 4.364681644804867
0.9237536656891495 0.319609073677257
0.9247311827956989 -0.15004830535399408
0.9257086999022482 -1.6196208797633913
0.9266862170087976 0.1929922686245666
0.927663734115347 0.5152215137145727
0.9286412512218963 -6.775850102707742
0.9296187683284457 -9.528958019946945
0.9305962854349951 -8.33642817963082
0.9315738025415444 -4.051477117135041
0.9325513196480938 -2.0515126954783875
0.9335288367546432 -7.471312665791376
0.9345063538611925 -7.655187232622309
0.9354838709677419 -5.569083571216492
0.9364613880742912 -3.4073724746251983
0.9374389051808406 0.5651643663351513
0.9384164222873901 0.7164594821094192
0.9393939393939394 2.325037053997405
0.9403714565004888 0.9048490356636287
0.9413489736070382 -1.1479000611664807
0.9423264907135875 4.544098667403935
0.9433040078201369 7.743231782871256
0.9442815249266863 7.3624061509556205
0.9452590420332356 2.6649497702698977
0.946236559139785 -1.6101974800737247
0.9472140762463344 2.901617004015387
0.9481915933528837 4.120410353455175
0.9491691104594331 2.1668268597302354
0.9501466275659824 -0.3074447593344225
0.9511241446725318 -4.520181475733108
0.9521016617790812 -4.2912799556210235
0.9530791788856305 -5.641059321908497
0.9540566959921799 -4.767000415172781
0.9550342130987293 -1.4431780330686639
0.9560117302052786 -5.2430768313337275
0.956989247311828 -8.253730621256528
0.9579667644183774 -8.661532689426974
0.9589442815249267 -4.142828767540991
0.9599217986314761 2.2727602096914667
0.9608993157380255 -0.6643134004650673
0.9618768328445748 -2.6614182700053055
0.9628543499511242 -1.2110510847426739
0.9638318670576735 1.4518812200090854
0.9648093841642229 6.243704137341559
0.9657869012707723 5.863622117067337
0.9667644183773216 6.692673599727712
0.967741935483871 6.456244572005168
0.9687194525904204 2.5327940991922495
0.9696969696969697 4.640814612449237
0.9706744868035191 7.116170919489298
0.9716520039100685 8.306187540655806
0.9726295210166178 4.766259271236357
0.9736070381231672 -3.0864857035127944
0.9745845552297165 -1.9555023114211667
0.9755620723362659 0.6452147187330849
0.9765395894428153 0.2473192518389593
0.9775171065493646 -2.0023327295714366
0.978494623655914 -7.300303288262018
0.9794721407624634 -6.888285245093522
0.9804496578690127 -6.778298067889504
0.9814271749755621 -6.814878444320744
0.9824046920821115 -2.6078781142510317
0.9833822091886608 -3.1967404723585133
0.9843597262952102 -4.690741805102075
0.9853372434017595 -6.212349388706194
0.9863147605083089 -4.016341297831563
0.9872922776148583 4.621585681611925
0.9882697947214076 5.548924582951631
0.989247311827957 2.923574004763434
0.9902248289345064 2.2017289180269275
0.9912023460410557 3.617781065889996
0.9921798631476051 9.442558433861995
0.9931573802541545 9.512291715745533
0.9941348973607038 8.553653733750318
0.9951124144672532 8.71603950121293
0.9960899315738025 4.701168567396804
0.9970674486803519 4.424569579699321
0.9980449657869013 5.067977064462065
0.9990224828934506 6.732888930562842
1.0 6.353595449154349
