1024
0.0 6.667406867591708
0.0009775171065493646 6.001012920050213
0.0019550342130987292 4.536829198207551
0.002932551319648094 2.708018042298746
0.0039100684261974585 1.0216545548691034
0.004887585532746823 -0.09694458891091932
0.005865102639296188 -0.4287734737888272
0.006842619745845552 -0.016128566037075354
0.007820136852394917 0.866998977130367
0.00879765395894428 1.8165566946599934
0.009775171065493646 2.4367990032469593
0.010752688172043012 2.4695232974288213
0.011730205278592375 1.8729257983068184
0.012707722385141739 0.8266251321953804
0.013685239491691105 -0.3358822258796037
0.01466275659824047 -1.2427244053360753
0.015640273704789834 -1.6080487095198261
0.016617790811339198 -1.3249875350586977
0.01759530791788856 -0.4986400461673113
0.01857282502443793 0.5891109360174486
0.019550342130987292 1.569135249224198
0.020527859237536656 2.098678245987379
0.021505376344086023 1.9628506060508557
0.022482893450635387 1.133591796152239
0.02346041055718475 -0.22928613265323727
0.024437927663734114 -1.8315821188555095
0.025415444770283478 -3.3329767284091445
0.026392961876832845 -4.441407991630779
0.02737047898338221 -4.985527964796824
0.028347996089931573 -4.9464024972140095
0.02932551319648094 -4.443636811965733
0.030303030303030304 -3.6850901861810414
0.03128054740957967 -2.8989422067259696
0.03225806451612903 -2.2696403341007745
0.033235581622678395 -1.895219793124045
0.03421309872922776 -1.7748315447241971
0.03519061583577712 -1.8253887034607
0.03616813294232649 -1.9182784235719745
0.03714565004887586 -1.9231452422100475
0.03812316715542522 -1.7462266024416162
0.039100684261974585 -1.3545098681357444
0.04007820136852395 -0.782166169587998
0.04105571847507331 -0.12042741537591772
0.042033235581622676 0.5048444957967178
0.043010752688172046 0.9623787295620766
0.04398826979472141 1.1459711393491687
0.044965786901270774 1.0011156012591356
0.04594330400782014 0.5430932097148856
0.0469208211143695 -0.13771559322521776
0.047898338220918865 -0.8864230823068704
0.04887585532746823 -1.5108701733777612
0.04985337243401759 -1.8224318534971666
0.050830889540566956 -1.6827754821443255
0.05180840664711633 -1.0451821519188762
0.05278592375366569 0.022161511117682164
0.053763440860215055 1.3408000823775683
0.05474095796676442 2.657775334057783
0.05571847507331378 3.706487776278668
0.056695992179863146 4.277643359323635
0.05767350928641251 4.279822105680553
0.05865102639296188 3.769821167058098
0.059628543499511244 2.9403356690884492
0.06060606060606061 2.065105563447238
0.06158357771260997 1.4156499791198112
0.06256109481915934 1.1744289959219818
0.0635386119257087 1.3726367267810933
0.06451612903225806 1.8749283072148757
0.06549364613880743 2.4193825874425756
0.06647116324535679 2.703019704419651
0.06744868035190615 2.4870962754126102
0.06842619745845552 1.6878785498271947
0.06940371456500488 0.4211352875630179
0.07038123167155425 -1.0178970680011679
0.07135874877810362 -2.236737938201821
0.07233626588465299 -2.866657676292205
0.07331378299120235 -2.6846089978066696
0.07429130009775171 -1.695778194797116
0.07526881720430108 -0.14737097099494342
0.07624633431085044 1.5344345028687696
0.0772238514173998 2.867436512423682
0.07820136852394917 3.4589042077619148
0.07917888563049853 3.1274513821700154
0.0801564027370479 1.9613139837229312
0.08113391984359726 0.29268555602037916
0.08211143695014662 -1.4053076879318747
0.08308895405669599 -2.666966698770439
0.08406647116324535 -3.1802509165609307
0.08504398826979472 -2.8833588219548467
0.08602150537634409 -1.9797901145005774
0.08699902248289346 -0.8664642328030455
0.08797653958944282 0.0019279691087097373
0.08895405669599218 0.26788944981226925
0.08993157380254155 -0.2058241096209361
0.09090909090909091 -1.2861364247240874
0.09188660801564028 -2.6098197492166126
0.09286412512218964 -3.701420309316195
0.093841642228739 -4.130675474929318
0.09481915933528837 -3.6578876687476436
0.09579667644183773 -2.3194011001081063
0.0967741935483871 -0.4247725852968891
0.09775171065493646 1.5339837965842154
0.09872922776148582 3.032074456071432
0.09970674486803519 3.6724827352731246
0.10068426197458455 3.306103024086961
0.10166177908113391 2.0736170774571367
0.10263929618768329 0.35688148618859794
0.10361681329423265 -1.3431897934977162
0.10459433040078202 -2.5620354420117777
0.10557184750733138 -3.0101683684756866
0.10654936461388075 -2.651834404411312
0.10752688172043011 -1.70069578146756
0.10850439882697947 -0.5369390596783581
0.10948191593352884 0.4247064798588509
0.1104594330400782 0.8717921476917418
0.11143695014662756 0.691609547255688
0.11241446725317693 -0.0005787273153636807
0.11339198435972629 -0.9089319879201223
0.11436950146627566 -1.6618065665784578
0.11534701857282502 -1.9379128746188181
0.11632453567937438 -1.5724445486087464
0.11730205278592376 -0.6099208257038921
0.11827956989247312 0.7110647439049762
0.11925708699902249 2.0336957071135155
0.12023460410557185 2.99311438956947
0.12121212121212122 3.3252422878494547
0.12218963831867058 2.9409478725910647
0.12316715542521994 1.9449901953915125
0.1241446725317693 0.5974742683027339
0.12512218963831867 -0.7667507227862674
0.12609970674486803 -1.8337795322642987
0.1270772238514174 -2.3921988883373997
0.12805474095796676 -2.378188429069901
0.12903225806451613 -1.8749290563987093
0.1300097751710655 -1.0715773848162293
0.13098729227761485 -0.19834130102432268
0.13196480938416422 0.5408798884062072
0.13294232649071358 1.0189703535720698
0.13391984359726294 1.2074605766985949
0.1348973607038123 1.1679640980228325
0.13587487781036167 1.0202112774915788
0.13685239491691104 0.8989705104208396
0.1378299120234604 0.9129399399837816
0.13880742913000976 1.1157175775760773
0.13978494623655913 1.493976358097332
0.1407624633431085 1.972954170600233
0.14173998044965788 2.435734582090191
0.14271749755620725 2.751014681842846
0.1436950146627566 2.8037476325378843
0.14467253176930597 2.523421872314217
0.14565004887585534 1.9051687920077343
0.1466275659824047 1.0192898465211149
0.14760508308895406 0.005633473029720948
0.14858260019550343 -0.9487915242768271
0.1495601173020528 -1.6471618178610425
0.15053763440860216 -1.928889795691219
0.15151515151515152 -1.7139305272783987
0.15249266862170088 -1.0327468486066413
0.15347018572825025 -0.030780284024329085
0.1544477028347996 1.058146200328283
0.15542521994134897 1.966349236024005
0.15640273704789834 2.462188461336386
0.1573802541544477 2.4159768503434114
0.15835777126099707 1.8411415465721854
0.15933528836754643 0.8953131710535405
0.1603128054740958 -0.16264860389198832
0.16129032258064516 -1.0496428390863586
0.16226783968719452 -1.5470876430057028
0.16324535679374388 -1.5733172454986433
0.16422287390029325 -1.2145764956037453
0.1652003910068426 -0.7014567911131031
0.16617790811339198 -0.3349750489144486
0.16715542521994134 -0.38380625077105435
0.1681329423264907 -0.9854763125182964
0.16911045943304007 -2.0852689766832873
0.17008797653958943 -3.4361344318926763
0.1710654936461388 -4.663820522192578
0.17204301075268819 -5.3797439089551915
0.17302052785923755 -5.307018007774637
0.1739980449657869 -4.378637641357702
0.17497556207233628 -2.7738430312090556
0.17595307917888564 -0.8774559132169393
0.176930596285435 0.8282779169124584
0.17790811339198437 1.907159293816963
0.17888563049853373 2.102784901760066
0.1798631476050831 1.4191611703793472
0.18084066471163246 0.12082850980701121
0.18181818181818182 -1.3492673044539356
0.1827956989247312 -2.509064098531224
0.18377321603128055 -2.9895439708615914
0.18475073313782991 -2.650519298611246
0.18572825024437928 -1.6220314007316667
0.18670576735092864 -0.2573393789256806
0.187683284457478 0.9875491807906904
0.18866080156402737 1.7084658630005105
0.18963831867057673 1.6908214631449776
0.1906158357771261 0.9846818658426553
0.19159335288367546 -0.1082584761320009
0.19257086999022482 -1.1322814891360586
0.1935483870967742 -1.6283172940849413
0.19452590420332355 -1.2884485565701316
0.19550342130987292 -0.06346744977134242
0.19648093841642228 1.8121148646530947
0.19745845552297164 3.8863068162841734
0.198435972629521 5.626091690819847
0.19941348973607037 6.580302800672206
0.20039100684261973 6.516769279669065
0.2013685239491691 5.490277135772017
0.20234604105571846 3.820616423902893
0.20332355816226783 1.9891396367061245
0.20430107526881722 0.4882200436901368
0.20527859237536658 -0.32764822520086845
0.20625610948191594 -0.34208014680069465
0.2072336265884653 0.30179514222957604
0.20821114369501467 1.2627360003479224
0.20918866080156404 2.122870810966091
0.2101661779081134 2.528000829439954
0.21114369501466276 2.3008811240713802
0.21212121212121213 1.4920427887263177
0.2130987292277615 0.3542086925880802
0.21407624633431085 -0.7484618083390007
0.21505376344086022 -1.4645060443500806
0.21603128054740958 -1.571422189138624
0.21700879765395895 -1.04705176543243
0.2179863147605083 -0.07499973597088316
0.21896383186705767 1.0150609608078907
0.21994134897360704 1.8507937441051565
0.2209188660801564 2.130240730453131
0.22189638318670576 1.7092658623417596
0.22287390029325513 0.6381625162629637
0.2238514173998045 -0.8605544176664821
0.22482893450635386 -2.4626212059169443
0.22580645161290322 -3.836361347935491
0.22678396871945258 -4.731303034512
0.22776148582600195 -5.035865801575731
0.2287390029325513 -4.790572043623903
0.22971652003910067 -4.157835525579418
0.23069403714565004 -3.362045762431488
0.2316715542521994 -2.620692156070193
0.23264907135874877 -2.0871762976450774
0.23362658846529813 -1.8197202881582437
0.23460410557184752 -1.781192162249357
0.23558162267839688 -1.8651879116021177
0.23655913978494625 -1.937197520947523
0.2375366568914956 -1.8775548025037023
0.23851417399804498 -1.614867868755419
0.23949169110459434 -1.1432209639697979
0.2404692082111437 -0.5216300646362193
0.24144672531769307 0.14162122305995695
0.24242424242424243 0.7148108658662162
0.2434017595307918 1.0731435935617308
0.24437927663734116 1.1282755416257704
0.24535679374389052 0.8520726692652434
0.24633431085043989 0.29005756863534926
0.24731182795698925 -0.4393648740521643
0.2482893450635386 -1.1622531493365351
0.24926686217008798 -1.6824129037065059
0.25024437927663734 -1.825745600848209
0.2512218963831867 -1.486342131569649
0.25219941348973607 -0.6620480977257728
0.25317693059628543 0.5325216557239458
0.2541544477028348 1.8831729694016333
0.25513196480938416 3.123204560508412
0.2561094819159335 4.000522712187971
0.2570869990224829 4.347012074106533
0.25806451612903225 4.129126632818391
0.2590420332355816 3.4620399907152333
0.260019550342131 2.579496224909401
0.26099706744868034 1.765172940052381
0.2619745845552297 1.264619059992868
0.26295210166177907 1.2050049046273101
0.26392961876832843 1.5496473685180545
0.2649071358748778 2.1048116459760773
0.26588465298142716 2.5800680666436793
0.2668621700879765 2.6855127820539435
0.2678396871945259 2.2354931571390226
0.26881720430107525 1.22414353422031
0.2697947214076246 -0.15479992714297586
0.270772238514174 -1.5544394783052367
0.27174975562072334 -2.5762853658194143
0.2727272727272727 -2.89660867851408
0.27370478983382207 -2.3771351139658847
0.27468230694037143 -1.1225964174023295
0.2756598240469208 0.5366538347824775
0.27663734115347016 2.1350136359347447
0.2776148582600195 3.208893870811952
0.2785923753665689 3.43830095627033
0.27956989247311825 2.7472232858069
0.2805474095796676 1.3293407980294047
0.281524926686217 -0.41093153495992274
0.2825024437927664 -1.9846124881314724
0.28347996089931576 -2.9717358843982975
0.2844574780058651 -3.1528693200300353
0.2854349951124145 -2.575591312933174
0.28641251221896386 -1.5337683041492634
0.2873900293255132 -0.4659350709334471
0.2883675464320626 0.1941704194122469
0.28934506353861195 0.1657588245121966
0.2903225806451613 -0.5813131418853534
0.2913000977517107 -1.8121364663055328
0.29227761485826004 -3.1011568904156395
0.2932551319648094 -3.9715843759677574
0.29423264907135877 -4.054365308042266
0.29521016617790813 -3.2145562217946977
0.2961876832844575 -1.6033898797535842
0.29716520039100686 0.3814859677474449
0.2981427174975562 2.215182100261709
0.2991202346041056 3.4059354455052957
0.30009775171065495 3.6452478474221506
0.3010752688172043 2.9000164533201
0.3020527859237537 1.4180213913659805
0.30303030303030304 -0.3536587265160511
0.3040078201368524 -1.9098117442277283
0.30498533724340177 -2.841819056636209
0.30596285434995113 -2.9566627367741294
0.3069403714565005 -2.3236728863605194
0.30791788856304986 -1.236699713861623
0.3088954056695992 -0.1069196361239515
0.3098729227761486 0.6767408116559457
0.31085043988269795 0.8734679816500108
0.3118279569892473 0.46272489716654475
0.3128054740957967 -0.35844632035071544
0.31378299120234604 -1.249183726414873
0.3147605083088954 -1.843068029494286
0.31573802541544477 -1.8710692309398318
0.31671554252199413 -1.2494905667302871
0.3176930596285435 -0.10610682126633675
0.31867057673509286 1.261431668239078
0.3196480938416422 2.479117058490089
0.3206256109481916 3.2106365222767566
0.32160312805474095 3.2558063645127975
0.3225806451612903 2.6041540440224002
0.3235581622678397 1.430066170532617
0.32453567937438904 0.03473728278847979
0.3255131964809384 -1.244051598850773
0.32649071358748777 -2.1252691854569816
0.32746823069403713 -2.4536396338615942
0.3284457478005865 -2.226741718644841
0.32942326490713586 -1.5768652445670068
0.3304007820136852 -0.7180037883763363
0.3313782991202346 0.12265017067081785
0.33235581622678395 0.7672971615000037
0.3333333333333333 1.127426644461012
0.3343108504398827 1.213174900796464
0.33528836754643204 1.1141649985514075
0.3362658846529814 0.9614769354767508
0.33724340175953077 0.8838851280148604
0.33822091886608013 0.9706247616468853
0.3391984359726295 1.24892802460088
0.34017595307917886 1.679356196531245
0.3411534701857282 2.1673691616459174
0.3421309872922776 2.586679738422827
0.34310850439882695 2.808830567064171
0.34408602150537637 2.7334931517870955
0.34506353861192574 2.314435337268873
0.3460410557184751 1.5764961748805053
0.34701857282502446 0.619403274341422
0.3479960899315738 -0.3945210920556077
0.3489736070381232 -1.2691831349758693
0.34995112414467255 -1.8165545682170046
0.3509286412512219 -1.9034651374798919
0.3519061583577713 -1.4916963649692967
0.35288367546432065 -0.658864400618133
0.35386119257087 0.40930590321146476
0.3548387096774194 1.4576696058493448
0.35581622678396874 2.2243163186495147
0.3567937438905181 2.511425042622938
0.35777126099706746 2.243615410914309
0.3587487781036168 1.4943913059824256
0.3597262952101662 0.46931250649140344
0.36070381231671556 -0.5525674756319205
0.3616813294232649 -1.3035787340205593
0.3626588465298143 -1.6130672002373188
0.36363636363636365 -1.4657447000331914
0.364613880742913 -1.0115369170605863
0.3655913978494624 -0.5203351565236078
0.36656891495601174 -0.2931294832550938
0.3675464320625611 -0.5565743829534964
0.36852394916911047 -1.375559683694772
0.36950146627565983 -2.6146514266785723
0.3704789833822092 -3.9648165795009525
0.37145650048875856 -5.030885265390467
0.3724340175953079 -5.454482325796699
0.3734115347018573 -5.0337490447924615
0.37438905180840665 -3.8000429825845203
0.375366568914956 -2.0239823185033554
0.3763440860215054 -0.14523434321913786
0.37732160312805474 1.3546377280015696
0.3782991202346041 2.0974182110442783
0.37927663734115347 1.9253358950049164
0.38025415444770283 0.9514664881832666
0.3812316715542522 -0.47440819587877114
0.38220918866080156 -1.8751386975089823
0.3831867057673509 -2.796602877657005
0.3841642228739003 -2.9509475085350143
0.38514173998044965 -2.306055244140356
0.386119257086999 -1.0916495373334505
0.3870967741935484 0.2804640788932482
0.38807429130009774 1.3562398250997265
0.3890518084066471 1.7934538149942052
0.39002932551319647 1.479025230567685
0.39100684261974583 0.5703783498440615
0.3919843597262952 -0.5535361781570243
0.39296187683284456 -1.4161622258919018
0.3939393939393939 -1.6019333913397573
0.3949169110459433 -0.8975865818881404
0.39589442815249265 0.6303551587443298
0.396871945259042 2.6477386342657727
0.3978494623655914 4.651158350767292
0.39882697947214074 6.121080511655718
0.3998044965786901 6.680572728724654
0.40078201368523947 6.2089672112217125
0.40175953079178883 4.874753921853823
0.4027370478983382 3.0783924257223134
0.40371456500488756 1.3247684701431182
0.4046920821114369 0.06717986580284252
0.4056695992179863 -0.4270903617667048
0.40664711632453565 -0.14774823486622735
0.40762463343108507 0.6713356575617557
0.40860215053763443 1.6415896592077146
0.4095796676441838 2.3543075590234546
0.41055718475073316 2.5153760193699073
0.4115347018572825 2.036801066070879
0.4125122189638319 1.0572222705319194
0.41348973607038125 -0.11242704332911857
0.4144672531769306 -1.097668635540571
0.41544477028348 -1.5864835038706062
0.41642228739002934 -1.4313869881046173
0.4173998044965787 -0.6957852991185283
0.41837732160312807 0.3680138586651063
0.41935483870967744 1.3994911476899934
0.4203323558162268 2.0416018689537268
0.42130987292277616 2.047469344295986
0.4222873900293255 1.3496591864321648
0.4232649071358749 0.07314005716354055
0.42424242424242425 -1.508432417216437
0.4252199413489736 -3.0561713669589494
0.426197458455523 -4.261515362077294
0.42717497556207235 -4.924968624019531
0.4281524926686217 -4.99681717684501
0.4291300097751711 -4.57204384030592
0.43010752688172044 -3.846041290669817
0.4310850439882698 -3.0484686354924357
0.43206256109481916 -2.3768087448105994
0.43304007820136853 -1.948388975763434
0.4340175953079179 -1.781647183587261
0.43499511241446726 -1.807473424994294
0.4359726295210166 -1.9028883135739463
0.436950146627566 -1.9344870637116967
0.43792766373411535 -1.7987175459164324
0.4389051808406647 -1.4493261114357487
0.4398826979472141 -0.9073745315151269
0.44086021505376344 -0.25415937439365277
0.4418377321603128 0.38918109970975245
0.44281524926686217 0.8899835363533973
0.44379276637341153 1.1347070870299296
0.4447702834799609 1.0567207021595977
0.44574780058651026 0.6564590624384801
0.4467253176930596 0.00959089062866103
0.447702834799609 -0.740234861757163
0.44868035190615835 -1.4054024245377137
0.4496578690127077 -1.7928844747240713
0.4506353861192571 -1.7506261722658127
0.45161290322580644 -1.2109732828000812
0.4525904203323558 -0.21850951472933144
0.45356793743890517 1.0684735953664282
0.45454545454545453 2.4076871501955757
0.4555229716520039 3.529631386580555
0.45650048875855326 4.208063298651489
0.4574780058651026 4.3243483777222425
0.458455522971652 3.9051726048674738
0.45943304007820135 3.1191965756033935
0.4604105571847507 2.2300103270481584
0.4613880742913001 1.5168213575793343
0.46236559139784944 1.1860524822892444
0.4633431085043988 1.3021019521286796
0.46432062561094817 1.7614806393220928
0.46529814271749753 2.3219142387902223
0.4662756598240469 2.680373957000583
0.46725317693059626 2.577034004497796
0.4682306940371456 1.8917415121344396
0.46920821114369504 0.6997944265090805
0.4701857282502444 -0.7346623295240886
0.47116324535679377 -2.029674450476476
0.47214076246334313 -2.801432156701785
0.4731182795698925 -2.7893573884677743
0.47409579667644186 -1.9494133959766733
0.4750733137829912 -0.483074815277873
0.4760508308895406 1.2109205508872145
0.47702834799608995 2.65000583662051
0.4780058651026393 3.412390235900385
0.4789833822091887 3.2672716261106842
0.47996089931573804 2.2482444512671558
0.4809384164222874 0.6447964571723004
0.48191593352883677 -1.0870878600068519
0.48289345063538613 -2.467723862125554
0.4838709677419355 -3.1444243051956065
0.48484848484848486 -3.0012610618725892
0.4858260019550342 -2.191803847921029
0.4868035190615836 -1.0836404616615982
0.48778103616813295 -0.13243161757527955
0.4887585532746823 0.2733169304582488
0.4897360703812317 -0.05446042024565578
0.49071358748778104 -1.0364360066201357
0.4916911045943304 -2.3480515472468646
0.49266862170087977 -3.5242632689248423
0.49364613880742914 -4.112990618970015
0.4946236559139785 -3.827096726651365
0.49560117302052786 -2.6449277214979245
0.4965786901270772 -0.8260978095827536
0.4975562072336266 1.1631692072590956
0.49853372434017595 2.791369223229676
0.4995112414467253 3.624350465435121
0.5004887585532747 3.4572085304298827
0.501466275659824 2.3737256967316744
0.5024437927663734 0.7154047886052828
0.5034213098729228 -1.028578470460015
0.5043988269794721 -2.374046232553124
0.5053763440860215 -2.987790331465218
0.5063538611925709 -2.7808844511892246
0.5073313782991202 -1.921511390688171
0.5083088954056696 -0.7661248895473236
0.509286412512219 0.2659802585933224
0.5102639296187683 0.8322853953202491
0.5112414467253177 0.7754043550771716
0.512218963831867 0.16649399894421335
0.5131964809384164 -0.7277374021740218
0.5141739980449658 -1.5407949089390582
0.5151515151515151 -1.9316188319725558
0.5161290322580645 -1.697822004938922
0.5171065493646139 -0.8410670094631643
0.5180840664711632 0.4344576980709739
0.5190615835777126 1.7873758287016923
0.520039100684262 2.8451591354780303
0.5210166177908113 3.316129658285585
0.5219941348973607 3.072728431532032
0.52297165200391 2.182302265238781
0.5239491691104594 0.8793297747959915
0.5249266862170088 -0.508680424044198
0.5259042033235581 -1.6562690983274455
0.5268817204301075 -2.3265231831654707
0.5278592375366569 -2.424676571296289
0.5288367546432062 -2.0066806906205676
0.5298142717497556 -1.245225634495448
0.530791788856305 -0.36793129890944387
0.5317693059628543 0.41123434645584855
0.5327468230694037 0.9470441002113057
0.533724340175953 1.191063838760393
0.5347018572825024 1.1888556362420566
0.5356793743890518 1.0518135701487648
0.5366568914956011 0.915223265895938
0.5376344086021505 0.8958138030790508
0.5386119257086999 1.0597304126365563
0.5395894428152492 1.4071127096375968
0.5405669599217986 1.8743140400060283
0.541544477028348 2.350816991218414
0.5425219941348973 2.7057580006423874
0.5434995112414467 2.818429478321206
0.544477028347996 2.607428301688349
0.5454545454545454 2.053565369465167
0.5464320625610948 1.2120332809221313
0.5474095796676441 0.21002567554655394
0.5483870967741935 -0.7723113475377981
0.5493646138807429 -1.5365844840098226
0.5503421309872922 -1.9111818758779129
0.5513196480938416 -1.7969117620714365
0.552297165200391 -1.2008346480683336
0.5532746823069403 -0.24651383194987686
0.5542521994134897 0.8463117850716961
0.555229716520039 1.8113822965233626
0.5562072336265884 2.4041383481916894
0.5571847507331378 2.470142064715806
0.5581622678396871 1.9926854580101336
0.5591397849462365 1.102640995342735
0.5601173020527859 0.04394943476634938
0.5610948191593352 -0.8980200587969378
0.5620723362658846 -1.4850578576261169
0.563049853372434 -1.6040232794590148
0.5640273704789834 -1.3076606011098186
0.5650048875855328 -0.8022044056635145
0.5659824046920822 -0.3823121244700016
0.5669599217986315 -0.3316732820710748
0.5679374389051809 -0.820571226323553
0.5689149560117303 -1.834896459240869
0.5698924731182796 -3.1628244513229484
0.570869990224829 -4.447626892038909
0.5718475073313783 -5.293336986753048
0.5728250244379277 -5.391409292178022
0.5738025415444771 -4.6276094080585715
0.5747800586510264 -3.1326918956140033
0.5757575757575758 -1.2571946705144275
0.5767350928641252 0.5251674125255247
0.5777126099706745 1.7572933332488607
0.5786901270772239 2.1381378616299775
0.5796676441837733 1.6168360762145455
0.5806451612903226 0.4099621911125102
0.581622678396872 -1.065353303703831
0.5826001955034213 -2.3223840926486767
0.5835777126099707 -2.958412273378037
0.5845552297165201 -2.781410631993429
0.5855327468230694 -1.8683387509153402
0.5865102639296188 -0.535539698153273
0.5874877810361682 0.7695455840269665
0.5884652981427175 1.6200793241333884
0.5894428152492669 1.7550126272313584
0.5904203323558163 1.169559558452585
0.5913978494623656 0.12048630830420648
0.592375366568915 -0.9562985650882385
0.5933528836754643 -1.5893838916142216
0.5943304007820137 -1.4298614777194836
0.5953079178885631 -0.3718216108542662
0.5962854349951124 1.4044667958989212
0.5972629521016618 3.4813172376426107
0.5982404692082112 5.328984929487666
0.5992179863147605 6.467408240008165
0.6001955034213099 6.612492335864218
0.6011730205278593 5.760443662309816
0.6021505376344086 4.184074655988656
0.603128054740958 2.3436171505782646
0.6041055718475073 0.7419424735158143
0.6050830889540567 -0.22872434828053828
0.6060606060606061 -0.39990415961040837
0.6070381231671554 0.13474287462671541
0.6080156402737048 1.0652887259037491
0.6089931573802542 1.977888412496528
0.6099706744868035 2.495064287315779
0.6109481915933529 2.3977568254069483
0.6119257086999023 1.6905487056323314
0.6129032258064516 0.5912530868961492
0.613880742913001 -0.5488214124427429
0.6148582600195504 -1.3655199037463022
0.6158357771260997 -1.602969831803919
0.6168132942326491 -1.1962667877184687
0.6177908113391984 -0.2907488697780889
0.6187683284457478 0.8058089922665825
0.6197458455522972 1.7203318828311032
0.6207233626588465 2.1285161309024137
0.6217008797653959 1.8498692282863565
0.6226783968719453 0.8957342705057864
0.6236559139784946 -0.5414391435601693
0.624633431085044 -2.150531414089122
0.6256109481915934 -3.593659045360199
0.6265884652981427 -4.598220194708464
0.6275659824046921 -5.0222981024824564
0.6285434995112414 -4.877152155308629
0.6295210166177908 -4.304935462160172
0.6304985337243402 -3.523184626197497
0.6314760508308895 -2.755979613379907
0.6324535679374389 -2.1729964699885267
0.6334310850439883 -1.852483809549091
0.6344086021505376 -1.7750023452062336
0.635386119257087 -1.845000278459848
0.6363636363636364 -1.9300241566283276
0.6373411534701857 -1.904329783569561
0.6383186705767351 -1.6849215435328326
0.6392961876832844 -1.2522806753028493
0.6402737047898338 -0.6532683309092397
0.6412512218963832 0.011863672327807606
0.6422287390029325 0.6137165218914288
0.6432062561094819 1.0236471847323778
0.6441837732160313 1.143868491725881
0.6451612903225806 0.9327366317025307
0.64613880742913 0.4206021806465775
0.6471163245356794 -0.2878633507652607
0.6480938416422287 -1.0276323709170634
0.6490713587487781 -1.6036593726618502
0.6500488758553274 -1.8336295507528497
0.6510263929618768 -1.5946273480845696
0.6520039100684262 -0.8618343389251948
0.6529814271749755 0.2731339913607893
0.6539589442815249 1.6131083503453807
0.6549364613880743 2.8969452129169326
0.6559139784946236 3.8638514061270515
0.656891495601173 4.323971134697438
0.6578690127077224 4.2143548003809865
0.6588465298142717 3.6214182249190925
0.6598240469208211 2.7596503233418535
0.6608015640273704 1.909527586982652
0.6617790811339198 1.3313128591513446
0.6627565982404692 1.1809402047532986
0.6637341153470185 1.4557603028609019
0.6647116324535679 1.990202846255951
0.6656891495601173 2.506206386388812
0.6666666666666666 2.705166487947281
0.667644183773216 2.373159634569439
0.6686217008797654 1.4647124847381314
0.6695992179863147 0.13525598420397822
0.6705767350928641 -1.2922487267411373
0.6715542521994134 -2.4197609858505205
0.6725317693059628 -2.8986435390084475
0.6735092864125122 -2.5467806107972875
0.6744868035190615 -1.4191604514623086
0.6754643206256109 0.19385824093665918
0.6764418377321603 1.8436995942180459
0.6774193548387096 3.0545012447703312
0.678396871945259 3.4676011786115715
0.6793743890518084 2.9534285852390894
0.6803519061583577 1.6538126286378674
0.6813294232649071 -0.06057528031827908
0.6823069403714564 -1.7055603460678073
0.6832844574780058 -2.835437448028644
0.6842619745845552 -3.182782732040936
0.6852394916911045 -2.740542109642357
0.6862170087976539 -1.7591925773382766
0.6871945259042033 -0.6594105747327006
0.6881720430107527 0.11145297581188163
0.6891495601173021 0.23196969067570206
0.6901270772238515 -0.38222293042547273
0.6911045943304008 -1.5459484414897218
0.6920821114369502 -2.862154677910871
0.6930596285434996 -3.8514470288442997
0.6940371456500489 -4.1113559105790864
0.6950146627565983 -3.45313718496811
0.6959921798631477 -1.9710186827756542
0.696969696969697 -0.02077252469071733
0.6979472140762464 1.8859448276039399
0.6989247311827957 3.237644182604547
0.6999022482893451 3.6793758462061876
0.7008797653958945 3.1195487950157545
0.7018572825024438 1.7537427288190568
0.7028347996089932 -0.0008513871404384199
0.7038123167155426 -1.6379650104249923
0.7047898338220919 -2.7183471864837747
0.7057673509286413 -2.999454608165093
0.7067448680351907 -2.4985175033550924
0.70772238514174 -1.471262876218622
0.7086999022482894 -0.3161826377927395
0.7096774193548387 0.5621802066467199
0.7106549364613881 0.8854449509526838
0.7116324535679375 0.5867311544347062
0.7126099706744868 -0.1765500348809983
0.7135874877810362 -1.0837372404648142
0.7145650048875856 -1.7632229088108633
0.7155425219941349 -1.9178437257260779
0.7165200391006843 -1.4225368978522428
0.7174975562072337 -0.3640426859154027
0.718475073313783 0.9877625803154254
0.7194525904203324 2.2651490430345076
0.7204301075268817 3.11539353849263
0.7214076246334311 3.3050520254000273
0.7223851417399805 2.7841850917834154
0.7233626588465298 1.6933700914070426
0.7243401759530792 0.31502389970988187
0.7253176930596286 -1.0125888614803518
0.7262952101661779 -1.9904529502942268
0.7272727272727273 -2.4344891160541615
0.7282502443792767 -2.311780771551447
0.729227761485826 -1.7310415037836677
0.7302052785923754 -0.895225632063204
0.7311827956989247 -0.034370405277098115
0.7321603128054741 0.6597510524255648
0.7331378299120235 1.0790140792035159
0.7341153470185728 1.2145471351158625
0.7350928641251222 1.1426952410314686
0.7360703812316716 0.9897583558570631
0.7370478983382209 0.8883101075517166
0.7380254154447703 0.9378401303368911
0.7390029325513197 1.1789265200510355
0.739980449657869 1.5850072566481186
0.7409579667644184 2.070993622378939
0.7419354838709677 2.514699112655242
0.7429130009775171 2.7856239145041295
0.7438905180840665 2.7755284419742265
0.7448680351906158 2.42565127953048
0.7458455522971652 1.7458373128255527
0.7468230694037146 0.8212777659113788
0.7478005865102639 -0.19642486417848526
0.7487781036168133 -1.114912988197599
0.7497556207233627 -1.7408095744333125
0.750733137829912 -1.9263654430857118
0.7517106549364614 -1.6119186407026782
0.7526881720430108 -0.8515324413858422
0.7536656891495601 0.1885470108916868
0.7546432062561095 1.262634764880981
0.7556207233626588 2.1044845399463035
0.7565982404692082 2.498080843507677
0.7575757575757576 2.340185617198019
0.7585532746823069 1.674418730951779
0.7595307917888563 0.6834170324606148
0.7605083088954057 -0.36219435700619473
0.761485826001955 -1.185227177117408
0.7624633431085044 -1.58970721723598
0.7634408602150538 -1.5267279713858188
0.7644183773216031 -1.115078866077572
0.7653958944281525 -0.6066797838344509
0.7663734115347018 -0.304686841293593
0.7673509286412512 -0.4586950805821448
0.7683284457478006 -1.1709508796944137
0.7693059628543499 -2.346112852508149
0.7702834799608993 -3.704569124541699
0.7712609970674487 -4.859173957837379
0.772238514173998 -5.43390578396799
0.7732160312805474 -5.187578247641178
0.7741935483870968 -4.101921305602223
0.7751710654936461 -2.4030028641352286
0.7761485826001955 -0.5054948525900753
0.7771260997067448 1.1057153842675649
0.7781036168132942 2.0208258784211903
0.7790811339198436 2.031391586711612
0.7800586510263929 1.1963014839213586
0.7810361681329423 -0.17530666746644186
0.7820136852394917 -1.620391435148581
0.782991202346041 -2.667806028771726
0.7839687194525904 -2.986991329003531
0.7849462365591398 -2.491302357620351
0.7859237536656891 -1.3619318415937045
0.7869012707722385 0.0158954323707593
0.7878787878787878 1.1839593174504817
0.7888563049853372 1.7664237681806647
0.7898338220918866 1.598247543407973
0.7908113391984359 0.7838155789529306
0.7917888563049853 -0.3342590235387439
0.7927663734115347 -1.2866403161739075
0.793743890518084 -1.6329498446738588
0.7947214076246334 -1.110682561934676
0.7956989247311828 0.27163799024363705
0.7966764418377321 2.227978357201743
0.7976539589442815 4.277646697397815
0.7986314760508308 5.891043857972772
0.7996089931573802 6.651529241040595
0.8005865102639296 6.381643582399661
0.8015640273704789 5.193845944825966
0.8025415444770283 3.4506511034872474
0.8035190615835777 1.6483473976096703
0.804496578690127 0.2626967927599866
0.8054740957966764 -0.393647309038193
0.8064516129032258 -0.25726318106431134
0.8074291300097751 0.48178352069643315
0.8084066471163245 1.4559351120797734
0.8093841642228738 2.2490588358763524
0.8103616813294232 2.5348844168240414
0.8113391984359726 2.180060663622334
0.8123167155425219 1.2800056743008004
0.8132942326490713 0.11861510750967985
0.8142717497556208 -0.9322043708517802
0.8152492668621701 -1.53845652378467
0.8162267839687195 -1.5139356631033025
0.8172043010752689 -0.8794426972876019
0.8181818181818182 0.14561041324960633
0.8191593352883676 1.2139030613795418
0.820136852394917 1.9584764276985522
0.8211143695014663 2.1033001095055606
0.8220918866080157 1.5420848747652678
0.823069403714565 0.3631501816054922
0.8240469208211144 -1.183824666416506
0.8250244379276638 -2.7653041668028244
0.8260019550342131 -4.059447425000234
0.8269794721407625 -4.840264743342033
0.8279569892473119 -5.02703614726423
0.8289345063538612 -4.688292134054905
0.8299120234604106 -4.004240934826313
0.83088954056696 -3.2033011411909076
0.8318670576735093 -2.4940365196412317
0.8328445747800587 -2.012315200635455
0.833822091886608 -1.7963420637736154
0.8347996089931574 -1.7923734717379614
0.8357771260997068 -1.8848442414574398
0.8367546432062561 -1.938943087554946
0.8377321603128055 -1.842440743812864
0.8387096774193549 -1.5362414725815696
0.8396871945259042 -1.0280015072402282
0.8406647116324536 -0.38824849082570934
0.841642228739003 0.2677537532788392
0.8426197458455523 0.8071918319304614
0.8435972629521017 1.1103149104635792
0.844574780058651 1.0991873923533755
0.8455522971652004 0.7597357915543089
0.8465298142717498 0.15263191380728258
0.8475073313782991 -0.590681236016251
0.8484848484848485 -1.2886950394750252
0.8494623655913979 -1.7458706947043834
0.8504398826979472 -1.7982103627652237
0.8514173998044966 -1.3582743075281696
0.852394916911046 -0.4471188686198545
0.8533724340175953 0.798329648745556
0.8543499511241447 2.148767253342869
0.855327468230694 3.334678477304365
0.8563049853372434 4.115514157598711
0.8572825024437928 4.3469824279678715
0.8582600195503421 4.025533779068313
0.8592375366568915 3.29387488278359
0.8602150537634409 2.4021962658156615
0.8611925708699902 1.6337632397024446
0.8621700879765396 1.2161104226590507
0.863147605083089 1.2457663483486776
0.8641251221896383 1.6522812901130068
0.8651026392961877 2.216225517707313
0.8660801564027371 2.6387912627124797
0.8670576735092864 2.643040433183839
0.8680351906158358 2.074705213155144
0.8690127077223851 0.9683560416441812
0.8699902248289345 -0.4458599780876138
0.8709677419354839 -1.8012724306348298
0.8719452590420332 -2.704131820860866
0.8729227761485826 -2.8601709687999666
0.873900293255132 -2.177332455070448
0.8748778103616813 -0.80939013302401
0.8758553274682307 0.8770094133693096
0.8768328445747801 2.4048707296898586
0.8778103616813294 3.3286936015926125
0.8787878787878788 3.371280597304133
0.8797653958944281 2.511241443796721
0.8807429130009775 0.9916904835832132
0.8817204301075269 -0.7543935046274424
0.8826979472140762 -2.239531653824745
0.8836754643206256 -3.074901410794177
0.884652981427175 -3.091795236262914
0.8856304985337243 -2.3915744085417927
0.8866080156402737 -1.3073195255254562
0.8875855327468231 -0.2892805936900956
0.8885630498533724 0.24850796897137717
0.8895405669599218 0.06991375453467952
0.8905180840664711 -0.8003924834269049
0.8914956011730205 -2.0808250761968723
0.8924731182795699 -3.323056108870471
0.8934506353861192 -4.059433583821869
0.8944281524926686 -3.959514403506701
0.895405669599218 -2.944297044515622
0.8963831867057673 -1.2203871767127592
0.8973607038123167 0.7775866836477283
0.8983382209188661 2.518089334502139
0.8993157380254154 3.5352491820325818
0.9002932551319648 3.5708004884454265
0.9012707722385142 2.6503493159992604
0.9022482893450635 1.0705206658572315
0.9032258064516129 -0.697519875082194
0.9042033235581622 -2.1559704631074186
0.9051808406647116 -2.9317271672016183
0.906158357771261 -2.8832081998072407
0.9071358748778103 -2.1302791662381253
0.9081133919843597 -1.0005017126697597
0.9090909090909091 0.08800057990567556
0.9100684261974584 0.7670857849629074
0.9110459433040078 0.8364643013161499
0.9120234604105572 0.3218215473904169
0.9130009775171065 -0.5432089978076311
0.9139784946236559 -1.4024287252568903
0.9149560117302052 -1.8996571509520286
0.9159335288367546 -1.7976046624100508
0.916911045943304 -1.0550053870821803
0.9178885630498533 0.16104858356285545
0.9188660801564027 1.5289789049423312
0.9198435972629521 2.673182748734197
0.9208211143695014 3.277792412098953
0.9217986314760508 3.1780726687214833
0.9227761485826002 2.4028056343484128
0.9237536656891495 1.157794343837145
0.9247311827956989 -0.24069514025451086
0.9257086999022482 -1.4591903404834503
0.9266862170087976 -2.237462309319932
0.927663734115347 -2.450132980340763
0.9286412512218963 -2.124515391200715
0.9296187683284457 -1.4142901908328185
0.9305962854349951 -0.5416785370183126
0.9315738025415444 0.2715311372487692
0.9325513196480938 0.8631343150983075
0.9335288367546432 1.1646013944296423
0.9345063538611925 1.2042773320751423
0.9354838709677419 1.083498062496321
0.9364613880742912 0.9363325055484474
0.9374389051808406 0.8862396556722074
0.9384164222873901 1.01129233978018
0.9393939393939394 1.325195894177847
0.9403714565004888 1.7761127322414292
0.9413489736070382 2.2610038189193515
0.9423264907135875 2.650682107955465
0.9433040078201369 2.8199607580478405
0.9442815249266863 2.677475986837382
0.9452590420332356 2.1902175226549097
0.946236559139785 1.3981813270603198
0.9472140762463344 0.41514163123209524
0.9481915933528837 -0.5870233770375842
0.9491691104594331 -1.4101833566593855
0.9501466275659824 -1.8735689568896097
0.9511241446725318 -1.860234406804615
0.9521016617790812 -1.3542718663298623
0.9530791788856305 -0.4565499241885337
0.9540566959921799 0.6292980098698561
0.9550342130987293 1.6412253190395527
0.9560117302052786 2.3245607232854004
0.956989247311828 2.5020768784350684
0.9579667644183774 2.1273474198951465
0.9589442815249267 1.303082661596678
0.9599217986314761 0.25537185294073295
0.9608993157380255 -0.7317833915728003
0.9618768328445748 -1.4037506772124795
0.9628543499511242 -1.6176014902221647
0.9638318670576735 -1.392082578940864
0.9648093841642229 -0.9064081452183308
0.9657869012707723 -0.444796108178641
0.9667644183773216 -0.3017374680460452
0.967741935483871 -0.6773454161338088
0.9687194525904204 -1.5975554090889301
0.9696969696969697 -2.8879245277606116
0.9706744868035191 -4.213581167181487
0.9716520039100685 -5.176377816033731
0.9726295210166178 -5.440507938930897
0.9736070381231672 -4.846601296713894
0.9745845552297165 -3.475904058803902
0.9755620723362659 -1.6407120351983244
0.9765395894428153 0.19952798315600728
0.9775171065493646 1.5725413321015593
0.978494623655914 2.136511658842922
0.9794721407624634 1.786417714170332
0.9804496578690127 0.6881253484479982
0.9814271749755621 -0.772427138182874
0.9824046920821115 -2.1101593120864663
0.9833822091886608 -2.893859433821328
0.9843597262952102 -2.882058021212847
0.9853372434017595 -2.097418107024034
0.9863147605083089 -0.8149173727512119
0.9872922776148583 0.532805019692766
0.9882697947214076 1.502210736757481
0.989247311827957 1.7895122438367967
0.9902248289345064 1.3352918592992604
0.9912023460410557 0.34800259085008833
0.9921798631476051 -0.7621589387541887
0.9931573802541545 -1.5179341181879127
0.9941348973607038 -1.5343769413174015
0.9951124144672532 -0.650651953621094
0.9960899315738025 1.0092159959565565
0.9970674486803519 3.066994447494874
0.9980449657869013 5.002853664570295
0.9990224828934506 6.313843907527225
1.0 6.667406867591705
