1024
0.0 5.403287371089414
0.0009775171065493646 2.485816158610092
0.0019550342130987292 1.4295458789119795
0.002932551319648094 3.016950404228758
0.0039100684261974585 1.3293491217493498
0.004887585532746823 3.474740216796055
0.005865102639296188 0.4219395782222593
0.006842619745845552 -0.8051839670564821
0.007820136852394917 1.387135503239606
0.00879765395894428 -0.7469926948000079
0.009775171065493646 0.8346725758030569
0.010752688172043012 -1.4726444218258097
0.011730205278592375 -2.32303731747721
0.012707722385141739 0.36075113982399787
0.013685239491691105 -2.1828629759351426
0.01466275659824047 -0.7027752036177899
0.015640273704789834 -1.6282917688972718
0.016617790811339198 -2.056337761478154
0.01759530791788856 0.7279368206677248
0.01857282502443793 -2.16458568861591
0.019550342130987292 -0.5022113452250906
0.020527859237536656 -0.017872010560281426
0.021505376344086023 -0.5231238414538518
0.022482893450635387 1.8469769104386358
0.02346041055718475 -1.315649876154394
0.024437927663734114 0.4871095551015485
0.025415444770283478 1.8574301435056217
0.026392961876832845 0.5915190923079066
0.02737047898338221 2.2533994558105
0.028347996089931573 -0.9758759244734254
0.02932551319648094 0.7149520100065914
0.030303030303030304 2.294081980576364
0.03128054740957967 -0.08675944437574809
0.03225806451612903 1.067374318850105
0.033235581622678395 -1.8385900999771925
0.03421309872922776 -0.5129897016977619
0.03519061583577712 0.867096986635696
0.03616813294232649 -2.3695686965016987
0.03714565004887586 -1.0837023678376774
0.03812316715542522 -3.217949077001623
0.039100684261974585 -2.410885441546802
0.04007820136852395 -1.2153482314703687
0.04105571847507331 -4.590257148984164
0.042033235581622676 -2.500343020836653
0.043010752688172046 -3.635557663159544
0.04398826979472141 -3.4540598693098037
0.044965786901270774 -2.1701913935833277
0.04594330400782014 -4.977029909096174
0.0469208211143695 -1.8664978695761654
0.047898338220918865 -2.2041302200898185
0.04887585532746823 -2.7862393751084698
0.04985337243401759 -1.1649149357906807
0.050830889540566956 -3.13935008473249
0.05180840664711633 0.5449123989782605
0.05278592375366569 0.4583681949203714
0.053763440860215055 -1.0060409822101994
0.05474095796676442 1.0219557427112786
0.05571847507331378 -0.3890246621012689
0.056695992179863146 3.0011280033152596
0.05767350928641251 2.6496841647162244
0.05865102639296188 0.377615061078263
0.059628543499511244 2.749529203203722
0.06060606060606061 1.3695839551310407
0.06158357771260997 3.7019828022370134
0.06256109481915934 3.0089782369131837
0.0635386119257087 0.31821113257776634
0.06451612903225806 2.966256312462125
0.06549364613880743 1.2074204790215142
0.06647116324535679 2.2524577984692575
0.06744868035190615 1.6959642210642394
0.06842619745845552 -0.8247836219788959
0.06940371456500488 2.058150989302416
0.07038123167155425 -0.15387848309097046
0.07135874877810362 -0.05108590841568461
0.07233626588465299 0.26037057020125565
0.07331378299120235 -1.642681189412605
0.07429130009775171 1.359642740795237
0.07526881720430108 -1.1046998510986261
0.07624633431085044 -1.3617963597629639
0.0772238514173998 0.2843198923371505
0.07820136852394917 -1.0245436938212589
0.07917888563049853 1.8121360382926492
0.0801564027370479 -0.6278745094317674
0.08113391984359726 -0.8549167276320674
0.08211143695014662 1.9731561560735018
0.08308895405669599 0.7290205944436117
0.08406647116324535 3.021423427610876
0.08504398826979472 0.8303467254447636
0.08602150537634409 0.6257447224284605
0.08699902248289346 3.9361788969547735
0.08797653958944282 2.0642700458990846
0.08895405669599218 3.5921593225794073
0.08993157380254155 1.848495424157758
0.09090909090909091 1.3809300926941874
0.09188660801564028 4.367669079413399
0.09286412512218964 1.5134801795623225
0.093841642228739 2.4455907961955607
0.09481915933528837 1.3958449516148401
0.09579667644183773 0.3836161821744406
0.0967741935483871 2.6128779777097892
0.09775171065493646 -0.9494305558194059
0.09872922776148582 -0.08477386881289356
0.09970674486803519 -0.18465187628077054
0.10068426197458455 -1.8297253628349963
0.10166177908113391 -0.23742461527088593
0.10263929618768329 -3.7520406242627033
0.10361681329423265 -2.4078889160451395
0.10459433040078202 -1.4729841693197494
0.10557184750733138 -3.66524121468276
0.10654936461388075 -2.235258376841758
0.10752688172043011 -4.947994183204655
0.10850439882697947 -2.9918331894522225
0.10948191593352884 -1.2736688444467752
0.1104594330400782 -3.8877384573076297
0.11143695014662756 -2.1704353598064063
0.11241446725317693 -3.7929454961622615
0.11339198435972629 -1.6945680155267753
0.11436950146627566 0.2711761467670222
0.11534701857282502 -2.666374754318457
0.11632453567937438 -0.49655089902565586
0.11730205278592376 -1.3208364705478595
0.11827956989247312 0.08485790252566731
0.11925708699902249 1.7870821851199392
0.12023460410557185 -1.32953911211333
0.12121212121212122 1.180440722763206
0.12218963831867058 0.5700700750958019
0.12316715542521994 0.6032432964814668
0.1241446725317693 1.918289369658412
0.12512218963831867 -1.0849478225311042
0.12609970674486803 1.5527812861194397
0.1270772238514174 0.7223752578068798
0.12805474095796676 -0.7082376692587329
0.12903225806451613 0.6019475188211039
0.1300097751710655 -1.8920402351421468
0.13098729227761485 0.699027549192526
0.13196480938416422 -0.3706219977732629
0.13294232649071358 -2.7330610417394303
0.13391984359726294 -0.8043803543707503
0.1348973607038123 -2.524302430167056
0.13587487781036167 -0.13107767980681612
0.13685239491691104 -1.111434924638809
0.1378299120234604 -3.626300063452602
0.13880742913000976 -0.6997126043995007
0.13978494623655913 -1.7678571126598757
0.1407624633431085 0.21057316193931175
0.14173998044965788 -0.2819736809225679
0.14271749755620725 -2.4177737961968933
0.1436950146627566 1.2966856486462661
0.14467253176930597 0.34407209813783823
0.14565004887585534 1.6295873166052957
0.1466275659824047 1.8597474356706472
0.14760508308895406 0.12783808754746667
0.14858260019550343 3.8991358064771657
0.1495601173020528 2.4147082531084494
0.15053763440860216 2.8306558355589395
0.15151515151515152 3.8221183576615934
0.15249266862170088 2.135706310161912
0.15347018572825025 5.158355432412679
0.1544477028347996 2.841335638268999
0.15542521994134897 2.504484372625474
0.15640273704789834 4.210868876365508
0.1573802541544477 2.1798330348289774
0.15835777126099707 4.073784278325063
0.15933528836754643 1.2432475184923077
0.1603128054740958 0.5720676917892382
0.16129032258064516 2.9393384549004553
0.16226783968719452 0.42448965226956525
0.16324535679374388 1.4286919924830879
0.16422287390029325 -1.1209371363077318
0.1652003910068426 -1.6658289510625193
0.16617790811339198 1.2425221316759514
0.16715542521994134 -1.6161754266366746
0.1681329423264907 -0.8733758320281598
0.16911045943304007 -2.3583604566649647
0.17008797653958943 -2.641372294269704
0.1710654936461388 0.5114466424681343
0.17204301075268819 -2.4423026271468755
0.17302052785923755 -1.3945313172004012
0.1739980449657869 -1.5255644792802152
0.17497556207233628 -1.9117068458732989
0.17595307917888564 1.0275727751435493
0.176930596285435 -1.8269088602808115
0.17790811339198437 -0.30292946429266265
0.17888563049853373 0.5813920353913267
0.1798631476050831 -0.5705795476839306
0.18084066471163246 1.7563588624183308
0.18181818181818182 -0.8711918046810111
0.1827956989247312 0.8945300435782437
0.18377321603128055 2.125458653832398
0.18475073313782991 -0.27790650277738305
0.18572825024437928 1.3873506571267311
0.18670576735092864 -0.8589713364235656
0.187683284457478 0.7509669860612933
0.18866080156402737 1.8162855876039554
0.18963831867057673 -1.7427606908442015
0.1906158357771261 -0.33634039605731797
0.19159335288367546 -1.9885093669773375
0.19257086999022482 -0.8427717601813243
0.1935483870967742 0.012683388225751768
0.19452590420332355 -4.006639664391814
0.19550342130987292 -2.2376797914492794
0.19648093841642228 -3.1507408086800397
0.19745845552297164 -2.61451045786104
0.198435972629521 -1.6077773753363225
0.19941348973607037 -5.191379406022445
0.20039100684261973 -2.6685819323702358
0.2013685239491691 -2.9568109794022925
0.20234604105571846 -3.098641513562919
0.20332355816226783 -1.5078455102029824
0.20430107526881722 -4.091432200431763
0.20527859237536658 -0.9904428008946297
0.20625610948191594 -1.0712912742803478
0.2072336265884653 -1.9621136437988893
0.20821114369501467 0.40094666697917747
0.20918866080156404 -1.2361947137953593
0.2101661779081134 1.7519779652904295
0.21114369501466276 1.3829195570077322
0.21212121212121213 -0.27660709684514495
0.2130987292277615 2.725823660199386
0.21407624633431085 1.5044488301070142
0.21505376344086022 3.604417468157454
0.21603128054740958 2.7501878511146325
0.21700879765395895 0.4867524079536442
0.2179863147605083 3.826736270279217
0.21896383186705767 2.4370798450947566
0.21994134897360704 3.2933859579502265
0.2209188660801564 2.2912547542874164
0.22189638318670576 -0.193108966914675
0.22287390029325513 3.2020807583850766
0.2238514173998045 1.3813923469974274
0.22482893450635386 1.2660837830451868
0.22580645161290322 0.8525360680114026
0.22678396871945258 -1.431595941996712
0.22776148582600195 1.8096663378896856
0.2287390029325513 -0.3045054862639392
0.22971652003910067 -0.7253582770686782
0.23069403714565004 0.12659942464559723
0.2316715542521994 -1.7963478503615093
0.23264907135874877 1.082196444162456
0.23362658846529813 -0.9876560592296114
0.23460410557184752 -1.1388431157891217
0.23558162267839688 1.129644255921566
0.23655913978494625 -0.696305332612201
0.2375366568914956 1.5669862903283012
0.23851417399804498 -0.1757192075177848
0.23949169110459434 0.05504241849540567
0.2404692082111437 3.2393628013325095
0.24144672531769307 0.9793372296791805
0.24242424242424243 2.4378548190505893
0.2434017595307918 1.1509456452829983
0.24437927663734116 1.4026689251655686
0.24535679374389052 4.666960296452499
0.24633431085043989 1.5915967332517003
0.24731182795698925 2.3168210958421547
0.2482893450635386 1.5372826907406936
0.24926686217008798 1.2813317699310336
0.25024437927663734 3.9826453382850797
0.2512218963831867 0.23349234241579872
0.25219941348973607 0.6414476814211443
0.25317693059628543 0.44339060642645767
0.2541544477028348 -0.6656568296027767
0.25513196480938416 1.3788475302989622
0.2561094819159335 -2.358192669454104
0.2570869990224829 -1.6930174492264511
0.25806451612903225 -1.2392798656066573
0.2590420332355816 -3.221145058326321
0.260019550342131 -1.4306929080077793
0.26099706744868034 -4.309668315300589
0.2619745845552297 -3.038545222977994
0.26295210166177907 -2.000771816693641
0.26392961876832843 -4.6537971620442296
0.2649071358748778 -2.5970855403814275
0.26588465298142716 -4.139755913164834
0.2668621700879765 -2.4434666663966347
0.2678396871945259 -1.100156882153108
0.26881720430107525 -4.184528824500292
0.2697947214076246 -1.61673227956782
0.270772238514174 -2.0003373704009597
0.27174975562072334 -0.545785639396593
0.2727272727272727 0.7458870894982459
0.27370478983382207 -2.5664881616907302
0.27468230694037143 0.35381716686372783
0.2756598240469208 0.4541192973630571
0.27663734115347016 0.921640861908409
0.2776148582600195 2.0105129754484525
0.2785923753665689 -1.301941192062592
0.27956989247311825 1.580640975512532
0.2805474095796676 1.46473600980084
0.281524926686217 0.6173871675976672
0.2825024437927664 1.7597982580223814
0.28347996089931576 -1.2432578722518053
0.2844574780058651 1.2515640510160801
0.2854349951124145 0.6294677260957279
0.28641251221896386 -1.2258066155324987
0.2873900293255132 0.5321232313100266
0.2883675464320626 -1.859861753695213
0.28934506353861195 0.07790233347184655
0.2903225806451613 -0.8267665583599332
0.2913000977517107 -2.975868942013677
0.29227761485826004 -0.12930001665347657
0.2932551319648094 -1.8274172877694483
0.29423264907135877 -0.4877018577729304
0.29521016617790813 -1.182822892825718
0.2961876832844575 -3.0065191204961907
0.29716520039100686 0.8976389117349897
0.2981427174975562 -0.3812156415331945
0.2991202346041056 0.33403658241487827
0.30009775171065495 0.25489954861524006
0.3010752688172043 -1.1212109640046595
0.3020527859237537 3.200787666953785
0.30303030303030304 1.8289885751892598
0.3040078201368524 1.8981081546223866
0.30498533724340177 2.5657763384192056
0.30596285434995113 1.243331624583172
0.3069403714565005 5.058440004830912
0.30791788856304986 3.2016605847054582
0.3088954056695992 2.7207937922223766
0.3098729227761486 4.049736037114395
0.31085043988269795 2.214481218494089
0.3118279569892473 4.854818061661885
0.3128054740957967 2.5853875873255046
0.31378299120234604 1.8540904018627489
0.3147605083088954 3.712902724083831
0.31573802541544477 1.0458124515854257
0.31671554252199413 2.4745283056199048
0.3176930596285435 0.36817391537248956
0.31867057673509286 -0.21487329999459248
0.3196480938416422 2.081066020335588
0.3206256109481916 -1.2993560417073944
0.32160312805474095 -0.5439928798186489
0.3225806451612903 -1.7525896719141743
0.3235581622678397 -1.9717490039224723
0.32453567937438904 0.6456879351433162
0.3255131964809384 -3.0201179393360604
0.32649071358748777 -2.2485331374763726
0.32746823069403713 -2.165960750972534
0.3284457478005865 -2.233305365137685
0.32942326490713586 0.4804950156972704
0.3304007820136852 -3.013295201767067
0.3313782991202346 -1.849386965560028
0.33235581622678395 -0.7078901132839516
0.3333333333333333 -1.225431923436881
0.3343108504398827 1.298343459544148
0.33528836754643204 -1.7246815866859524
0.3362658846529814 -0.28564979114131844
0.33724340175953077 1.2108291608077066
0.33822091886608013 -0.3849170686173715
0.3391984359726295 1.7986704980442116
0.34017595307917886 -0.6063006505382125
0.3411534701857282 0.6798963566498217
0.3421309872922776 1.8393501094195912
0.34310850439882695 -1.0320989460116934
0.34408602150537637 0.9714255842275822
0.34506353861192574 -0.7181322514802815
0.3460410557184751 0.020584975816809473
0.34701857282502446 0.6192896805107573
0.3479960899315738 -3.092270061379607
0.3489736070381232 -0.8545708188893448
0.34995112414467255 -1.757121604573719
0.3509286412512219 -1.7052924664397888
0.3519061583577713 -1.3181142763779299
0.35288367546432065 -5.0319142135061
0.35386119257087 -2.207673864601491
0.3548387096774194 -2.3820907461681258
0.35581622678396874 -2.929193651628632
0.3567937438905181 -2.123125755247319
0.35777126099706746 -5.115694193256032
0.3587487781036168 -1.7744660795950664
0.3597262952101662 -1.5151933550925192
0.36070381231671556 -2.5183328277822246
0.3616813294232649 -0.8207844031608568
0.3626588465298143 -2.9137104783496754
0.36363636363636365 0.3531421217267398
0.364613880742913 0.5875200972090214
0.3655913978494624 -0.7876426875160205
0.36656891495601174 1.8545327717043296
0.3675464320625611 0.2580019785955374
0.36852394916911047 2.6303488125423455
0.36950146627565983 2.4931795985588603
0.3704789833822092 0.8110284554369678
0.37145650048875856 4.089633820241596
0.3724340175953079 2.3679536848737266
0.3734115347018573 3.3068272021571525
0.37438905180840665 2.8552836419209298
0.375366568914956 1.0118653008843306
0.3763440860215054 4.512285674781918
0.37732160312805474 2.2987562407628284
0.3782991202346041 1.9049327671770664
0.37927663734115347 1.6446046518016986
0.38025415444770283 -0.14319890515024752
0.3812316715542522 3.26612358369863
0.38220918866080156 0.6852738901863749
0.3831867057673509 -0.3675135897483962
0.3841642228739003 0.21571410413153913
0.38514173998044965 -1.398764465422965
0.386119257086999 1.7311541222726459
0.3870967741935484 -0.7351382873512924
0.38807429130009774 -1.650573247811856
0.3890518084066471 0.11204548177442342
0.39002932551319647 -1.4978364559939703
0.39100684261974583 1.1952263137133279
0.3919843597262952 -0.6630314420112744
0.39296187683284456 -1.0279682752255404
0.3939393939393939 1.6550524184531683
0.3949169110459433 -0.3922355966848699
0.39589442815249265 1.6998668139251871
0.396871945259042 0.6855544171294484
0.3978494623655914 0.6967426562738998
0.39882697947214074 3.585509384518297
0.3998044965786901 0.6729931341034571
0.40078201368523947 2.0940152116042023
0.40175953079178883 1.8799159511989556
0.4027370478983382 1.7143629456401053
0.40371456500488756 4.1132861658847055
0.4046920821114369 0.30647101706007235
0.4056695992179863 1.2159049529670904
0.40664711632453565 1.6385854682162837
0.40762463343108507 0.7874107194806512
0.40860215053763443 2.484304567009279
0.4095796676441838 -1.6754979728291142
0.41055718475073316 -0.9050797403680735
0.4115347018572825 0.013051734151792498
0.4125122189638319 -1.681317303316617
0.41348973607038125 -0.3034742759611584
0.4144672531769306 -3.9305934810787284
0.41544477028348 -2.952096971154292
0.41642228739002934 -1.661374834636412
0.4173998044965787 -4.002308496927473
0.41837732160312807 -2.2774054605494274
0.41935483870967744 -4.647454355988437
0.4203323558162268 -3.447518107871781
0.42130987292277616 -1.9768547584031897
0.4222873900293255 -4.638489597315605
0.4232649071358749 -2.1057621905784454
0.42424242424242425 -3.0875220599194497
0.4252199413489736 -2.0960065784515383
0.426197458455523 -0.7130214555378409
0.42717497556207235 -3.4575779651192224
0.4281524926686217 -0.16676988479788635
0.4291300097751711 -0.26194384830679
0.43010752688172044 -0.1152183616251792
0.4310850439882698 0.9976902132853447
0.43206256109481916 -1.7213895658676748
0.43304007820136853 1.834538488753518
0.4340175953079179 1.8731004287128017
0.43499511241446726 0.7837207526587666
0.4359726295210166 1.7407855192644905
0.436950146627566 -0.8739772186456947
0.43792766373411535 2.3428599406253636
0.4389051808406647 2.029301736954057
0.4398826979472141 -0.11064198031397934
0.44086021505376344 1.1411280714729235
0.4418377321603128 -1.2493555611760638
0.44281524926686217 1.226851037366704
0.44379276637341153 0.6227078058100971
0.4447702834799609 -1.8687707299303764
0.44574780058651026 0.21604406125021203
0.4467253176930596 -1.8602369390970734
0.447702834799609 -0.23686351925261276
0.44868035190615835 -0.6530124708586961
0.4496578690127077 -2.72465353404328
0.4506353861192571 0.4155981746726937
0.45161290322580644 -1.429281361085258
0.4525904203323558 -0.6029896832317407
0.45356793743890517 -0.3310517745926578
0.45454545454545453 -1.6450807730300716
0.4555229716520039 2.2048200475082007
0.45650048875855326 0.30860000036442436
0.4574780058651026 0.4181625854650976
0.458455522971652 1.5612999953719697
0.45943304007820135 0.7075026081285963
0.4604105571847507 4.484856324542399
0.4613880742913001 2.2492985947897743
0.46236559139784944 1.7330380441650324
0.4633431085043988 3.56170395706148
0.46432062561094817 2.4759705584665817
0.46529814271749753 5.424710463652893
0.4662756598240469 2.861791186673723
0.46725317693059626 1.9080998944977277
0.4682306940371456 4.073741078864574
0.46920821114369504 2.1569493865374834
0.4701857282502444 4.017137698976563
0.47116324535679377 1.5916342146250255
0.47214076246334313 0.5121869565349664
0.4731182795698925 2.7448331934314796
0.47409579667644186 -0.13501209663750027
0.4750733137829912 1.0016217187035823
0.4760508308895406 -0.555694737872535
0.47702834799608995 -1.4717738725912877
0.4780058651026393 0.7169166955731825
0.4789833822091887 -2.7712403419660667
0.47996089931573804 -1.6774178654275396
0.4809384164222874 -1.818031237446301
0.48191593352883677 -2.540700701628763
0.48289345063538613 -0.4330021293144007
0.4838709677419355 -3.9729933017301784
0.48484848484848486 -2.4384427723232402
0.4858260019550342 -1.1900009903657098
0.4868035190615836 -2.0536353330254786
0.48778103616813295 -0.0827014386993881
0.4887585532746823 -3.2424684680455824
0.4897360703812317 -1.318395622964525
0.49071358748778104 0.6880646077147118
0.4916911045943304 -0.8326254288747327
0.49266862170087977 0.9643897478461758
0.49364613880742914 -1.6373812394831377
0.4946236559139785 0.15516759767542732
0.49560117302052786 2.074263027346927
0.4965786901270772 -0.4122889709332038
0.4975562072336266 1.3249909131336832
0.49853372434017595 -0.7039218899699514
0.4995112414467253 0.3445964066546903
0.5004887585532747 1.6527187019097322
0.501466275659824 -1.5955437114008433
0.5024437927663734 0.397898261333534
0.5034213098729228 -1.0606397840173916
0.5043988269794721 -1.0772054479230784
0.5053763440860215 -0.2837466509337102
0.5063538611925709 -3.6231332612300866
0.5073313782991202 -1.023046026087213
0.5083088954056696 -1.9020212269191195
0.509286412512219 -2.8928130893014217
0.5102639296187683 -2.03946487352924
0.5112414467253177 -4.742159563468163
0.512218963831867 -1.4639518413871417
0.5131964809384164 -1.8351511406228642
0.5141739980449658 -3.463407264676816
0.5151515151515151 -1.9471924213508893
0.5161290322580645 -3.716309712234069
0.5171065493646139 -0.17543174229228303
0.5180840664711632 -0.2540177924448843
0.5190615835777126 -2.191250166998205
0.520039100684262 0.20836184580988576
0.5210166177908113 -0.9616051968420498
0.5219941348973607 2.060345581883732
0.52297165200391 2.02070973790571
0.5239491691104594 -0.030034321337672795
0.5249266862170088 3.000464711926659
0.5259042033235581 1.7100258013686043
0.5268817204301075 3.4933974840531694
0.5278592375366569 3.4311616750748892
0.5288367546432062 1.3796949839498036
0.5298142717497556 4.552912986734875
0.530791788856305 2.550809515863904
0.5317693059628543 2.886886418552168
0.5327468230694037 3.0799461761104783
0.533724340175953 1.1469164017165632
0.5347018572825024 4.067851751853666
0.5356793743890518 1.2966867787160217
0.5366568914956011 0.617719939530537
0.5376344086021505 1.5597898165041797
0.5386119257086999 -0.15481496887896884
0.5395894428152492 2.3741163898313737
0.5405669599217986 -0.6702717551884708
0.541544477028348 -1.596902698491114
0.5425219941348973 0.4397066077467302
0.5434995112414467 -1.1139372665476277
0.544477028347996 1.0660431147121678
0.5454545454545454 -1.5428723486312355
0.5464320625610948 -2.1427856003658254
0.5474095796676441 0.8447907196235082
0.5483870967741935 -0.8485962403839814
0.5493646138807429 1.0450844523198275
0.5503421309872922 -0.6232284419663582
0.5513196480938416 -0.8805933433067198
0.552297165200391 2.4019857918149623
0.5532746823069403 0.15247686920987985
0.5542521994134897 1.7756984379918967
0.555229716520039 1.1531340711771125
0.5562072336265884 0.7489655726452108
0.5571847507331378 3.522936789119279
0.5581622678396871 0.4983667418657952
0.5591397849462365 1.8931518326536236
0.5601173020527859 2.1239706415266006
0.5610948191593352 0.9838507280455749
0.5620723362658846 2.81176932034498
0.563049853372434 -0.7438017461196893
0.5640273704789834 0.5712030953205475
0.5650048875855328 1.4029244830787784
0.5659824046920822 -0.7275824204084651
0.5669599217986315 0.369019922005427
0.5679374389051809 -3.0448699408741247
0.5689149560117303 -1.6216776345649457
0.5698924731182796 -0.35679407647833106
0.570869990224829 -3.246796939390576
0.5718475073313783 -2.1753257937721795
0.5728250244379277 -4.718798094896911
0.5738025415444771 -3.1728735714185405
0.5747800586510264 -1.587876347948943
0.5757575757575758 -4.718674831477058
0.5767350928641252 -2.9667601720855887
0.5777126099706745 -4.321498456051959
0.5786901270772239 -2.981755514096437
0.5796676441837733 -1.2278214485001213
0.5806451612903226 -4.134615835594925
0.581622678396872 -1.4615357619418803
0.5826001955034213 -1.9278465599024683
0.5835777126099707 -1.3849886743517479
0.5845552297165201 0.35779680521113205
0.5855327468230694 -2.1260670171339817
0.5865102639296188 1.127811628056342
0.5874877810361682 0.857700552961915
0.5884652981427175 0.10177435630607157
0.5894428152492669 1.7671362245580453
0.5904203323558163 -0.3297633175527263
0.5913978494623656 2.8555406405249584
0.592375366568915 2.2055142375611676
0.5933528836754643 0.12438711644638628
0.5943304007820137 1.8887988653169785
0.5953079178885631 0.07033346549867991
0.5962854349951124 2.6434455158905372
0.5972629521016618 1.569831644200554
0.5982404692082112 -1.278561258804818
0.5992179863147605 0.93717866816959
0.6001955034213099 -0.6852514511034473
0.6011730205278593 1.0834461840478544
0.6021505376344086 0.09783804854972938
0.603128054740958 -2.674804085985593
0.6041055718475073 0.23893322111937448
0.6050830889540567 -1.2869680508811252
0.6060606060606061 -0.21535222521716765
0.6070381231671554 -0.4147128226391959
0.6080156402737048 -2.505768269980874
0.6089931573802542 0.9538893305128577
0.6099706744868035 -0.6717811221113215
0.6109481915933529 -0.11351791670895534
0.6119257086999023 0.889741584751742
0.6129032258064516 -0.5216817049706296
0.613880742913001 2.8973494467973637
0.6148582600195504 0.927203632459328
0.6158357771260997 1.0688881978783622
0.6168132942326491 3.179689232388555
0.6177908113391984 1.892598413594897
0.6187683284457478 4.564573679922781
0.6197458455522972 2.166049055605253
0.6207233626588465 1.9146046951956683
0.6217008797653959 4.6591143236489065
0.6226783968719453 2.821849834143119
0.6236559139784946 4.389145463696611
0.624633431085044 1.8447504067993732
0.6256109481915934 1.256842216503554
0.6265884652981427 4.116620663854449
0.6275659824046921 1.4220335882737896
0.6285434995112414 2.1457147872120017
0.6295210166177908 0.08056837808971332
0.6304985337243402 -0.7266463693286691
0.6314760508308895 1.942042636877798
0.6324535679374389 -1.3594070739041733
0.6334310850439883 -0.7571656165664243
0.6344086021505376 -1.6944763915198526
0.635386119257087 -2.662123801337275
0.6363636363636364 -0.25518492450953667
0.6373411534701857 -3.5640653527257244
0.6383186705767351 -2.3932973920027485
0.6392961876832844 -1.9514641367779442
0.6402737047898338 -3.2238527106777606
0.6412512218963832 -1.0505502068047305
0.6422287390029325 -3.8245783353853824
0.6432062561094819 -1.9037176729366203
0.6441837732160313 -0.4282219958645088
0.6451612903225806 -2.3314160396026953
0.64613880742913 -0.3703601063207441
0.6471163245356794 -2.4095436542006325
0.6480938416422287 -0.18308305965139493
0.6490713587487781 1.5924830988597107
0.6500488758553274 -1.2009540992533263
0.6510263929618768 0.5958916028774376
0.6520039100684262 -0.8409930889437371
0.6529814271749755 0.9278074709462999
0.6539589442815249 2.375619345744254
0.6549364613880743 -1.192710118336148
0.6559139784946236 0.6083199853137805
0.656891495601173 -0.4717595884860263
0.6578690127077224 0.2413377814354864
0.6588465298142717 1.2615617764354505
0.6598240469208211 -2.499571792784604
0.6608015640273704 -0.42187984831940806
0.6617790811339198 -1.303812268872382
0.6627565982404692 -1.7716622486287852
0.6637341153470185 -0.7155861510115604
0.6647116324535679 -3.8865143312122754
0.6656891495601173 -1.3499727429164292
0.6666666666666666 -2.077855447652486
0.667644183773216 -3.4279695344712993
0.6686217008797654 -1.684034410593352
0.6695992179863147 -3.758881906374742
0.6705767350928641 -0.9095931802345532
0.6715542521994134 -1.5091006700828933
0.6725317693059628 -3.3149688245391937
0.6735092864125122 -0.5404757025260094
0.6744868035190615 -1.6348339780643868
0.6754643206256109 1.006216809972408
0.6764418377321603 0.47712499188147817
0.6774193548387096 -1.502473600841999
0.678396871945259 2.08176106411991
0.6793743890518084 1.2968974698239832
0.6803519061583577 3.0922867157343332
0.6813294232649071 2.635395071064279
0.6823069403714564 0.5607625964095262
0.6832844574780058 4.321078172579684
0.6842619745845552 3.0716544801742045
0.6852394916911045 3.6855273271158784
0.6862170087976539 3.5086315767938263
0.6871945259042033 1.3356129216812689
0.6881720430107527 4.628817814157226
0.6891495601173021 2.556845292285478
0.6901270772238515 2.215408659167798
0.6911045943304008 2.738954959234784
0.6920821114369502 0.49938638121471457
0.6930596285434996 3.010853897687052
0.6940371456500489 0.3906140590535099
0.6950146627565983 -0.24788481731672873
0.6959921798631477 1.3795094895716942
0.696969696969697 -0.8805916833577518
0.6979472140762464 0.9177806584535848
0.6989247311827957 -1.565154194684285
0.6999022482893451 -1.8705361453071776
0.7008797653958945 0.9112790440212022
0.7018572825024438 -1.4202195060564975
0.7028347996089932 -0.07524754947556918
0.7038123167155426 -1.7881461458609356
0.7047898338220919 -1.6191373044003954
0.7057673509286413 1.8501944908306835
0.7067448680351907 -0.7309511099864267
0.70772238514174 0.38924080391133054
0.7086999022482894 -0.3285612304156684
0.7096774193548387 -0.14738698064833036
0.7106549364613881 3.2197559530634927
0.7116324535679375 0.23623897279333028
0.7126099706744868 1.258128634826846
0.7135874877810362 1.3350555830629038
0.7145650048875856 0.7834456374163681
0.7155425219941349 3.401632459640163
0.7165200391006843 0.1282130279124883
0.7174975562072337 1.1466188767320038
0.718475073313783 1.6552524488965752
0.7194525904203324 -0.14064724257234223
0.7204301075268817 1.6348160150002746
0.7214076246334311 -1.4563390328943842
0.7223851417399805 -0.32393455915349434
0.7233626588465298 0.3778178333860711
0.7243401759530792 -2.605870541109736
0.7253176930596286 -1.175375153145196
0.7262952101661779 -3.4561432069808005
0.7272727272727273 -2.1522648462804868
0.7282502443792767 -1.2792315100610177
0.729227761485826 -4.89240747766925
0.7302052785923754 -3.096550879649574
0.7311827956989247 -4.189369286479616
0.7321603128054741 -2.878704426478678
0.7331378299120235 -1.7497205018624848
0.7341153470185728 -5.3053634216312915
0.7350928641251222 -2.7449244264450683
0.7360703812316716 -2.83035583980632
0.7370478983382209 -1.9500085658074622
0.7380254154447703 -0.5158974517504477
0.7390029325513197 -3.5740478909085445
0.739980449657869 -0.4470164263766542
0.7409579667644184 -0.2023112578636796
0.7419354838709677 -0.26878029422408045
0.7429130009775171 1.4693756003874294
0.7438905180840665 -1.0219475302578684
0.7448680351906158 2.022157283741123
0.7458455522971652 1.8547352779383748
0.7468230694037146 0.5942402708613559
0.7478005865102639 2.6855993291286757
0.7487781036168133 0.6036993944454339
0.7497556207233627 2.9049724788058184
0.750733137829912 2.0252951142247353
0.7517106549364614 -0.17126569275093245
0.7526881720430108 2.42831757590488
0.7536656891495601 0.589139400338309
0.7546432062561095 1.8715974746002577
0.7556207233626588 0.6330833421409525
0.7565982404692082 -1.841931195202346
0.7575757575757576 1.4077308068513787
0.7585532746823069 -0.2738468076466454
0.7595307917888563 0.17611875919233133
0.7605083088954057 -0.6545454620389765
0.761485826001955 -2.770988166494273
0.7624633431085044 1.0217991961369444
0.7634408602150538 -0.567848211682023
0.7644183773216031 -0.5370838678261435
0.7653958944281525 -0.289471147240463
0.7663734115347018 -1.8719616945921795
0.7673509286412512 1.9769252854870198
0.7683284457478006 0.36112270779596783
0.7693059628543499 0.2987772244919708
0.7702834799608993 1.7935257280185364
0.7712609970674487 0.3377144006274351
0.772238514173998 3.5339290695397456
0.7732160312805474 1.7821626343053554
0.7741935483870968 1.7176405326086353
0.7751710654936461 4.0962012983737335
0.7761485826001955 2.08685948834436
0.7771260997067448 4.102058691529717
0.7781036168132942 2.283108301447917
0.7790811339198436 2.1441547109118972
0.7800586510263929 4.824874004324098
0.7810361681329423 1.829277907053279
0.7820136852394917 2.6815014787709455
0.782991202346041 1.1412247771749715
0.7839687194525904 0.8375353492413506
0.7849462365591398 3.401436335190091
0.7859237536656891 -0.41859185176485736
0.7869012707722385 -0.1367422369465276
0.7878787878787878 -0.9105674910182731
0.7888563049853372 -1.4440667982013298
0.7898338220918866 0.9148176456646653
0.7908113391984359 -3.047619551932621
0.7917888563049853 -2.544261539941872
0.7927663734115347 -2.250610402692706
0.793743890518084 -3.136040689756574
0.7947214076246334 -0.8481271243658045
0.7956989247311828 -4.1711134568896675
0.7966764418377321 -2.9854647118296165
0.7976539589442815 -1.7852276087139423
0.7986314760508308 -3.2668375042367206
0.7996089931573802 -0.9122139109361938
0.8005865102639296 -3.1567506428902568
0.8015640273704789 -1.4624018544073314
0.8025415444770283 0.05668477035841754
0.8035190615835777 -2.2862767440099554
0.804496578690127 0.16223642847908865
0.8054740957966764 -1.0670820890577575
0.8064516129032258 0.4698544492868799
0.8074291300097751 1.6698530407415426
0.8084066471163245 -1.574384094989257
0.8093841642228738 0.9381034682698729
0.8103616813294232 0.339370135331963
0.8113391984359726 1.030105403292358
0.8123167155425219 1.6867301778026433
0.8132942326490713 -2.088517980063779
0.8142717497556208 0.4984822744004971
0.8152492668621701 0.14349083214372885
0.8162267839687195 -0.28049893859738884
0.8172043010752689 0.2175097479002734
0.8181818181818182 -3.398610829928755
0.8191593352883676 -0.7044013666551613
0.820136852394917 -1.0079276402615363
0.8211143695014663 -2.288646075108618
0.8220918866080157 -1.1993749261993878
0.823069403714565 -4.019669065514449
0.8240469208211144 -1.3129157358228674
0.8250244379276638 -1.5864686225940534
0.8260019550342131 -3.2013008393699156
0.8269794721407625 -0.9264558327159349
0.8279569892473119 -2.7765077198166606
0.8289345063538612 -0.39910915372386
0.8299120234604106 -0.6221421131738825
0.83088954056696 -2.169952706578006
0.8318670576735093 1.3086006904652658
0.8328445747800587 0.018807857201332073
0.833822091886608 1.5693831202595279
0.8347996089931574 1.4077693928622173
0.8357771260997068 -0.0054367344205817954
0.8367546432062561 4.096272986662668
0.8377321603128055 2.665402331347076
0.8387096774193549 3.044047610840601
0.8396871945259042 3.025895198020966
0.8406647116324536 1.55494693233576
0.841642228739003 5.468418299649095
0.8426197458455523 3.420222220878392
0.8435972629521017 2.7391779216966667
0.844574780058651 3.107730006141374
0.8455522971652004 1.3525479304566108
0.8465298142717498 4.502523147433035
0.8475073313782991 1.9483523553991864
0.8484848484848485 0.8034489814413087
0.8494623655913979 1.8969519503848646
0.8504398826979472 -0.24881972634336857
0.8514173998044966 2.0338502322149328
0.852394916911046 -0.38781136562727847
0.8533724340175953 -1.2555789192074267
0.8543499511241447 0.7557153632222371
0.855327468230694 -1.785536972484274
0.8563049853372434 -0.11366713567441267
0.8572825024437928 -1.6689903484039978
0.8582600195503421 -1.8666914021580086
0.8592375366568915 0.87816006485581
0.8602150537634409 -2.059250342220068
0.8611925708699902 -0.6791297476049802
0.8621700879765396 -1.0144446128487172
0.863147605083089 -0.7827461477276111
0.8641251221896383 2.1462574190861714
0.8651026392961877 -1.1920722489254485
0.8660801564027371 0.05840212714871379
0.8670576735092864 0.7381817646514792
0.8680351906158358 0.6762101891914548
0.8690127077223851 3.1917252337924764
0.8699902248289345 -0.42567541923761715
0.8709677419354839 0.6955144900241408
0.8719452590420332 1.838191570938495
0.8729227761485826 0.7683657770417315
0.873900293255132 2.6420588905432147
0.8748778103616813 -0.87195333558918
0.8758553274682307 0.08532050923900492
0.8768328445747801 1.1886202437675326
0.8778103616813294 -1.118139347316842
0.8787878787878788 0.4442719041917143
0.8797653958944281 -2.380371183486274
0.8807429130009775 -1.5837388996078794
0.8817204301075269 -0.6988083511430145
0.8826979472140762 -3.86297525006822
0.8836754643206256 -1.943503621881063
0.884652981427175 -3.5840286733793096
0.8856304985337243 -2.9754751023423887
0.8866080156402737 -2.1757937774594542
0.8875855327468231 -5.499699916279473
0.8885630498533724 -2.716122892551393
0.8895405669599218 -3.1140182909983154
0.8905180840664711 -2.864287454852461
0.8914956011730205 -1.909437977165233
0.8924731182795699 -4.834913479788226
0.8934506353861192 -1.2561124223807094
0.8944281524926686 -0.8955274741241468
0.895405669599218 -1.2996736621474863
0.8963831867057673 -0.019180383483560548
0.8973607038123167 -2.4102804004724208
0.8983382209188661 1.300842212466095
0.8993157380254154 1.665686327611205
0.9002932551319648 0.3965610551047208
0.9012707722385142 2.0880784747419354
0.9022482893450635 0.0032091682830575063
0.9032258064516129 2.982910813492374
0.9042033235581622 2.823282179067353
0.9051808406647116 0.8091319016127224
0.906158357771261 2.997223045438706
0.9071358748778103 0.9100882533030584
0.9081133919843597 2.6063548115845
0.9090909090909091 1.9819588520531004
0.9100684261974584 -0.2833834348205134
0.9110459433040078 2.505582598290805
0.9120234604105572 0.2738079797403393
0.9130009775171065 0.7140249046694805
0.9139784946236559 0.22440268209830497
0.9149560117302052 -1.6940713566545051
0.9159335288367546 1.6909248348792305
0.916911045943304 -0.6250384253196577
0.9178885630498533 -0.9665305682623656
0.9188660801564027 -0.6152915438690095
0.9198435972629521 -1.9083107490144566
0.9208211143695014 1.7935102895548345
0.9217986314760508 -0.46995656253252016
0.9227761485826002 -1.0516509333928663
0.9237536656891495 0.454862034574605
0.9247311827956989 -0.5054363532319465
0.9257086999022482 2.9603730231770298
0.9266862170087976 0.8551936439890038
0.927663734115347 0.3230970822433058
0.9286412512218963 2.7076994143729447
0.9296187683284457 1.3667254177893147
0.9305962854349951 4.026123612980441
0.9315738025415444 2.185854701961769
0.9325513196480938 1.6871932560319827
0.9335288367546432 4.304448548209803
0.9345063538611925 1.9309361351666987
0.9354838709677419 3.5603204582068293
0.9364613880742912 2.1987510356112643
0.9374389051808406 1.577841722450394
0.9384164222873901 3.8632693857687697
0.9393939393939394 0.3418366630229884
0.9403714565004888 1.246618705327487
0.9413489736070382 0.6911595690384298
0.9423264907135875 -0.16896869055598615
0.9433040078201369 1.6312496409103907
0.9442815249266863 -2.4979087982198145
0.9452590420332356 -1.672756930683831
0.946236559139785 -1.165322525103722
0.9472140762463344 -2.313210381977228
0.9481915933528837 -0.7431904176049056
0.9491691104594331 -4.605703559769693
0.9501466275659824 -3.340646857763248
0.9511241446725318 -1.843495489893449
0.9521016617790812 -3.348602404993461
0.9530791788856305 -1.6148836317360573
0.9540566959921799 -4.521024548973431
0.9550342130987293 -2.82827222356673
0.9560117302052786 -0.8352998430987809
0.956989247311828 -2.833037874362718
0.9579667644183774 -0.6859204151533539
0.9589442815249267 -2.4732749030024177
0.9599217986314761 -0.9286755153846163
0.9608993157380255 0.8729310036567487
0.9618768328445748 -1.7103444555467098
0.9628543499511242 0.8651306841451056
0.9638318670576735 -0.12262918982527296
0.9648093841642229 0.5163992977771876
0.9657869012707723 1.6816618124086287
0.9667644183773216 -1.3523274056288952
0.967741935483871 1.5302647921742971
0.9687194525904204 0.8798774456700112
0.9696969696969697 0.19282876826614945
0.9706744868035191 0.8467082193324142
0.9716520039100685 -2.21702409136757
0.9726295210166178 0.8338131992763518
0.9736070381231672 0.25259234074911596
0.9745845552297165 -1.568759932775256
0.9755620723362659 -0.7858451357563592
0.9765395894428153 -3.369385336412064
0.9775171065493646 -0.3116306715338335
0.978494623655914 -0.7997987955240229
0.9794721407624634 -3.1049604344851307
0.9804496578690127 -1.4700407295996478
0.9814271749755621 -3.326992302310263
0.9824046920821115 -0.543996716042896
0.9833822091886608 -0.7659553998386059
0.9843597262952102 -2.8861655096270424
0.9853372434017595 -0.10378380499538853
0.9863147605083089 -1.4801600709720444
0.9872922776148583 0.6019702814281225
0.9882697947214076 0.7772944933175846
0.989247311827957 -0.859422751839999
0.9902248289345064 2.723207214080593
0.9912023460410557 1.2115485080129977
0.9921798631476051 2.1907540447262077
0.9931573802541545 2.796144610140723
0.9941348973607038 1.4934818510189778
0.9951124144672532 5.117840112105353
0.9960899315738025 2.9217523352539994
0.9970674486803519 2.7013000594919045
0.9980449657869013 3.7567311784049573
0.9990224828934506 2.414052939883157
1.0 5.403287371089379
